15 225
1 -1
1 -2
1 -3
1 -4
1 -5
1 6
1 -7
1 -8
1 -9
1 -10
1 -11
1 -12
1 -13
1 -14
1 -15
2 -1
2 -2
2 -3
2 -4
2 5
2 -6
2 -7
2 -8
2 -9
2 -10
2 -11
2 -12
2 -13
2 -14
2 -15
3 -1
3 -2
3 -3
3 -4
3 -5
3 -6
3 -7
3 -8
3 -9
3 -10
3 -11
3 -12
3 -13
3 -14
3 -15
4 -1
4 -2
4 -3
4 -4
4 -5
4 -6
4 -7
4 8
4 -9
4 -10
4 -11
4 -12
4 -13
4 -14
4 -15
5 -1
5 -2
5 -3
5 -4
5 -5
5 -6
5 -7
5 -8
5 -9
5 -10
5 -11
5 -12
5 -13
5 -14
5 -15
6 -1
6 2
6 -3
6 4
6 -5
6 6
6 -7
6 -8
6 -9
6 -10
6 -11
6 -12
6 -13
6 -14
6 -15
7 -1
7 -2
7 3
7 4
7 -5
7 -6
7 -7
7 8
7 -9
7 -10
7 -11
7 -12
7 -13
7 -14
7 -15
8 -1
8 -2
8 -3
8 4
8 -5
8 -6
8 -7
8 -8
8 -9
8 10
8 -11
8 -12
8 -13
8 -14
8 -15
9 -1
9 2
9 -3
9 4
9 -5
9 6
9 -7
9 -8
9 -9
9 -10
9 -11
9 -12
9 -13
9 -14
9 -15
10 -1
10 2
10 -3
10 -4
10 -5
10 -6
10 -7
10 -8
10 -9
10 -10
10 -11
10 -12
10 -13
10 -14
10 -15
11 -1
11 -2
11 -3
11 -4
11 -5
11 -6
11 -7
11 8
11 -9
11 -10
11 -11
11 -12
11 -13
11 -14
11 -15
12 -1
12 -2
12 -3
12 -4
12 -5
12 -6
12 -7
12 8
12 -9
12 -10
12 -11
12 -12
12 -13
12 -14
12 -15
13 -1
13 -2
13 -3
13 -4
13 -5
13 -6
13 -7
13 -8
13 -9
13 -10
13 -11
13 -12
13 -13
13 -14
13 -15
14 -1
14 -2
14 -3
14 -4
14 -5
14 6
14 7
14 -8
14 -9
14 -10
14 -11
14 -12
14 -13
14 -14
14 -15
15 -1
15 -2
15 -3
15 -4
15 -5
15 -6
15 -7
15 -8
15 -9
15 -10
15 -11
15 -12
15 -13
15 -14
15 -15
15 215
1 -1
1 -2
1 -3
1 -4
1 5
1 -6
1 -7
1 -8
1 -9
1 -10
1 -11
1 -12
1 -13
1 -15
2 1
2 -2
2 -3
2 -4
2 -5
2 -6
2 -7
2 -8
2 -9
2 -10
2 -11
2 -12
2 13
2 -15
3 -1
3 -2
3 3
3 -4
3 -5
3 6
3 7
3 8
3 -9
3 -10
3 -11
3 -12
3 -13
3 -14
3 -15
4 -1
4 -2
4 -3
4 -4
4 -5
4 -6
4 7
4 -8
4 -9
4 -10
4 -11
4 12
4 -13
4 -14
4 -15
5 -1
5 -2
5 -3
5 -4
5 -5
5 6
5 -7
5 -8
5 -9
5 -10
5 -11
5 12
5 -13
5 -15
6 -1
6 -2
6 3
6 -4
6 -5
6 -6
6 -7
6 -8
6 -9
6 -10
6 -11
6 -12
6 -14
6 -15
7 -1
7 2
7 -3
7 4
7 -5
7 -6
7 -7
7 8
7 -9
7 -10
7 -11
7 -12
7 13
7 -14
8 -1
8 2
8 -3
8 -4
8 -5
8 -6
8 7
8 -8
8 -9
8 -11
8 12
8 -14
8 15
9 -1
9 -2
9 -3
9 -4
9 -5
9 -6
9 -7
9 -8
9 -9
9 -10
9 -11
9 -12
9 -13
9 -14
9 -15
10 1
10 -2
10 -3
10 -4
10 -5
10 -6
10 -7
10 -8
10 -9
10 -10
10 11
10 -12
10 -13
10 -15
11 -1
11 -2
11 -3
11 -4
11 -5
11 6
11 -7
11 -8
11 -9
11 -10
11 -11
11 -12
11 -13
11 -14
11 -15
12 -1
12 -2
12 -3
12 4
12 -5
12 -6
12 -7
12 -8
12 -9
12 -10
12 -11
12 -12
12 -13
12 -14
12 -15
13 -1
13 -2
13 -4
13 -5
13 -6
13 -7
13 -8
13 -9
13 -10
13 11
13 -12
13 -13
13 -14
13 -15
14 1
14 -2
14 -3
14 -4
14 -5
14 -6
14 -7
14 -9
14 -10
14 -11
14 -12
14 -13
14 14
14 -15
15 -1
15 -2
15 -3
15 -4
15 -5
15 -6
15 -7
15 -8
15 -9
15 -10
15 -11
15 -12
15 -13
15 -14
15 15
15 202
1 -1
1 -2
1 -4
1 -5
1 -6
1 -7
1 -8
1 -9
1 -10
1 11
1 -12
1 -13
1 -14
1 -15
2 -1
2 -2
2 -3
2 -4
2 -5
2 6
2 -7
2 -8
2 -9
2 -10
2 -11
2 -12
2 -13
2 -14
2 -15
3 -1
3 -2
3 -3
3 6
3 -7
3 -8
3 9
3 -10
3 -11
3 -12
3 -13
3 -14
3 -15
4 -2
4 -4
4 5
4 -6
4 -7
4 -8
4 9
4 -11
4 -12
4 -13
4 -14
4 -15
5 -1
5 -2
5 -3
5 -4
5 -5
5 -6
5 -7
5 -8
5 -9
5 -10
5 -11
5 12
5 -13
5 -14
5 -15
6 -1
6 -2
6 -3
6 -6
6 7
6 -8
6 -9
6 -10
6 -11
6 -12
6 -13
6 -14
7 -1
7 -2
7 3
7 -4
7 -6
7 -7
7 -8
7 -9
7 -11
7 -12
7 -13
7 -14
7 15
8 1
8 -2
8 -3
8 -4
8 -6
8 -7
8 8
8 -9
8 -10
8 -11
8 -12
8 -13
8 -14
8 -15
9 -1
9 -2
9 -3
9 -4
9 -5
9 -6
9 -7
9 8
9 9
9 -10
9 12
9 -13
9 -14
9 15
10 -1
10 -2
10 -3
10 -4
10 -5
10 -6
10 -8
10 -9
10 -10
10 -11
10 -12
10 -13
10 -14
10 -15
11 -1
11 -2
11 -3
11 -4
11 5
11 -6
11 -7
11 -8
11 -9
11 -11
11 -12
11 -13
11 -14
11 -15
12 -1
12 -3
12 -4
12 -5
12 -6
12 -7
12 -8
12 -9
12 -10
12 11
12 -12
12 13
12 -14
12 -15
13 -1
13 -2
13 -3
13 -4
13 -5
13 6
13 -8
13 -9
13 -10
13 -11
13 -13
13 -14
13 -15
14 -1
14 -2
14 -3
14 -4
14 6
14 -8
14 10
14 -11
14 12
14 -13
14 -14
14 -15
15 -1
15 -2
15 -3
15 -5
15 -6
15 -7
15 -8
15 -10
15 11
15 -12
15 -13
15 -14
15 -15
15 186
1 -2
1 -3
1 -4
1 -5
1 -6
1 -7
1 9
1 -11
1 -12
1 13
1 14
1 -15
2 1
2 -2
2 -3
2 -4
2 -5
2 -6
2 -7
2 8
2 -9
2 -10
2 -11
2 -12
2 -13
2 -15
3 -1
3 -2
3 3
3 -4
3 -6
3 -7
3 -8
3 -9
3 -10
3 -11
3 -12
3 -15
4 -1
4 -2
4 -3
4 -4
4 -5
4 -6
4 -7
4 -9
4 10
4 -11
4 12
4 -14
4 -15
5 -1
5 -2
5 -3
5 -4
5 -5
5 6
5 -7
5 -8
5 -9
5 10
5 -11
5 -12
5 13
5 -14
6 -1
6 -2
6 -3
6 -4
6 -5
6 -6
6 -7
6 -8
6 9
6 -10
6 -11
6 -12
6 -13
6 -14
6 -15
7 5
7 -7
7 -8
7 -9
7 -10
7 -12
7 -13
7 -15
8 3
8 -4
8 -5
8 -6
8 7
8 -9
8 -10
8 -11
8 -13
8 -14
9 -1
9 -2
9 -3
9 -5
9 -6
9 -7
9 -9
9 -10
9 -11
9 -12
9 -13
9 -14
9 -15
10 -1
10 -2
10 -5
10 -7
10 -8
10 -9
10 -11
10 12
10 -14
10 15
11 -1
11 -2
11 -3
11 -4
11 -5
11 -6
11 -7
11 -8
11 9
11 -10
11 -11
11 -12
11 -14
11 -15
12 -1
12 -3
12 -4
12 -5
12 -6
12 -7
12 -8
12 -9
12 -10
12 -11
12 -13
12 -14
12 -15
13 -1
13 -3
13 -4
13 5
13 -7
13 -8
13 -9
13 -11
13 -12
13 -14
13 -15
14 -1
14 -2
14 -3
14 -4
14 -5
14 -6
14 -7
14 -8
14 -9
14 -10
14 -11
14 -13
14 -14
15 -1
15 -2
15 -3
15 -4
15 -5
15 -7
15 8
15 -9
15 10
15 -11
15 -12
15 -13
15 -14
15 -15
15 190
1 -1
1 -2
1 -3
1 -4
1 -5
1 -6
1 -8
1 -9
1 -10
1 -11
1 -12
1 -13
1 -14
1 -15
2 -1
2 -2
2 -3
2 -4
2 -5
2 -6
2 7
2 -8
2 -9
2 10
2 -12
2 -13
2 -14
2 -15
3 -1
3 -2
3 -3
3 -4
3 -5
3 -6
3 -7
3 -8
3 -10
3 -11
3 -12
3 -13
3 -14
3 -15
4 -1
4 -3
4 -4
4 -5
4 -6
4 -7
4 -8
4 -9
4 -11
4 -12
4 -13
4 -14
4 -15
5 -2
5 -3
5 -4
5 -6
5 -7
5 -9
5 -10
5 -11
5 -12
5 -13
5 -14
5 -15
6 1
6 -2
6 -3
6 -4
6 5
6 -7
6 -8
6 -9
6 -10
6 -11
6 -14
6 -15
7 -2
7 -3
7 -4
7 -5
7 -6
7 -7
7 -8
7 -9
7 -10
7 -11
7 -13
7 -14
7 -15
8 -1
8 -2
8 -3
8 -4
8 -5
8 -7
8 -8
8 -9
8 -11
8 -12
8 -13
8 -15
9 -1
9 -2
9 -3
9 -4
9 -5
9 -6
9 -7
9 -8
9 -9
9 -10
9 -11
9 -12
9 -13
9 -15
10 1
10 -2
10 -4
10 -5
10 -6
10 7
10 -8
10 -9
10 -10
10 -11
10 12
10 -13
10 -15
11 -1
11 -4
11 -5
11 -7
11 -10
11 11
11 -12
11 -13
11 -14
11 -15
12 -1
12 -2
12 -3
12 -4
12 -5
12 -6
12 -7
12 -8
12 -9
12 -10
12 -11
12 -12
12 -14
12 -15
13 -1
13 2
13 -3
13 -4
13 -5
13 -6
13 -7
13 -9
13 -11
13 -12
13 -13
13 -14
14 -1
14 2
14 -3
14 -5
14 -6
14 -8
14 -9
14 -10
14 -11
14 -12
14 13
14 -14
15 -1
15 -2
15 4
15 5
15 -6
15 -7
15 -11
15 -12
15 -13
15 -14
15 -15
15 155
1 -2
1 -3
1 -4
1 -5
1 -6
1 -7
1 -8
1 -9
1 -12
1 -13
1 -14
2 1
2 -2
2 -3
2 -4
2 5
2 -6
2 -7
2 -8
2 -10
2 -12
2 -13
2 -15
3 3
3 5
3 -7
3 -9
3 -10
3 13
3 -14
4 -1
4 -2
4 -3
4 -4
4 -7
4 -9
4 -10
4 -11
4 -12
4 -13
4 -14
4 -15
5 -1
5 -2
5 -4
5 -5
5 -6
5 -7
5 -8
5 -10
5 -11
6 -1
6 -2
6 -4
6 -9
6 -10
6 -11
6 -12
6 -13
7 -1
7 2
7 -3
7 -4
7 -5
7 -6
7 9
7 10
7 -11
7 -12
7 -15
8 -1
8 -4
8 -7
8 -8
8 -9
8 10
8 -11
8 -14
8 -15
9 -1
9 -3
9 -4
9 -5
9 -7
9 -8
9 -9
9 -10
9 -11
9 -12
9 -13
9 -14
10 -2
10 -4
10 -5
10 7
10 -8
10 -10
10 11
10 -12
10 -13
10 -14
10 -15
11 -1
11 -2
11 -4
11 -5
11 -6
11 -7
11 -8
11 -9
11 -10
11 -12
11 -13
11 -14
11 -15
12 -1
12 -2
12 4
12 -5
12 -6
12 -8
12 -11
12 -12
12 -13
12 -14
12 -15
13 -1
13 -2
13 -3
13 -4
13 -6
13 -11
13 -14
14 -1
14 3
14 -4
14 5
14 -6
14 7
14 -8
14 -9
14 -13
14 15
15 -1
15 -2
15 -3
15 4
15 -6
15 -7
15 -8
15 -9
15 -11
15 -12
15 -14
15 -15
15 142
1 -1
1 -4
1 -5
1 -6
1 -8
1 -14
1 -15
2 -1
2 -2
2 -6
2 -7
2 -8
2 -10
2 -12
2 14
2 -15
3 -1
3 2
3 -3
3 -4
3 -11
3 -14
4 -2
4 -3
4 -4
4 -5
4 -6
4 -7
4 -8
4 -9
4 -11
4 12
4 -13
4 14
4 -15
5 -1
5 -2
5 -3
5 -6
5 -7
5 -10
5 -11
5 -12
5 -14
5 -15
6 -3
6 -6
6 -8
6 -9
6 -10
6 13
6 -15
7 -1
7 -2
7 -3
7 -5
7 -6
7 -8
7 -11
7 -12
7 -13
7 -14
7 15
8 -1
8 -2
8 -4
8 5
8 -6
8 -7
8 -8
8 -10
8 -11
8 -12
8 -13
8 -14
9 -1
9 -2
9 -3
9 -4
9 -5
9 -7
9 -10
9 -12
9 -13
9 -14
9 -15
10 -1
10 3
10 -4
10 -5
10 -6
10 7
10 -8
10 -10
10 -12
10 -13
10 -15
11 -2
11 -4
11 6
11 -8
11 -10
11 -11
11 13
11 -15
12 -1
12 -2
12 -4
12 -5
12 -6
12 -7
12 -8
12 -9
12 -10
12 -11
12 -12
12 -14
12 -15
13 -1
13 -3
13 -5
13 -6
13 -8
13 -10
13 -11
13 -14
13 -15
14 -1
14 -2
14 -6
14 -7
14 -8
14 -9
14 -12
14 -13
14 -14
14 15
15 -6
15 8
15 9
15 -10
15 -12
15 138
1 -1
1 -2
1 -3
1 -6
1 -8
1 -10
1 -11
1 -14
1 -15
2 -4
2 -5
2 -6
2 -7
2 -8
2 -9
2 -11
2 -12
2 -15
3 -1
3 -3
3 4
3 -5
3 -7
3 -8
3 -10
3 -11
3 -13
3 -14
4 -1
4 -4
4 6
4 -9
4 -11
4 -13
4 -14
4 -15
5 -1
5 -2
5 -3
5 -4
5 7
5 -8
5 -10
5 -11
5 -12
5 -14
5 -15
6 -1
6 -2
6 -3
6 -6
6 -7
6 -9
6 -10
6 -11
6 -12
6 -13
6 -14
7 -2
7 -3
7 -4
7 -5
7 -6
7 -7
7 -8
7 -9
7 -11
7 -12
7 -13
8 -2
8 -3
8 -4
8 -5
8 -6
8 -9
8 10
9 -1
9 2
9 -3
9 -5
9 -6
9 -8
9 -9
9 -11
9 -12
9 -13
9 -14
10 -2
10 -4
10 -5
10 -7
10 -8
10 -12
11 -1
11 -2
11 -3
11 -9
11 -11
11 -12
11 -13
11 -15
12 -1
12 3
12 -6
12 -7
12 9
12 -10
12 -11
12 -12
12 -13
12 14
12 -15
13 -7
13 -9
13 -10
13 -11
13 -13
13 -14
13 -15
14 -1
14 -2
14 -4
14 -6
14 -7
14 -8
14 -9
14 -10
14 -11
14 -12
14 -13
14 -14
15 -3
15 -6
15 -9
15 -11
15 -12
15 -13
15 -14
15 130
1 -5
1 8
1 -11
1 -12
1 13
1 -14
2 -2
2 -5
2 -6
2 -7
2 9
2 -10
2 -11
2 -12
2 -13
2 -14
2 -15
3 -3
3 -4
3 -6
3 -8
3 -10
3 -12
4 -3
4 -4
4 -5
4 -6
4 -7
4 9
4 -12
4 -14
4 -15
5 -2
5 -3
5 -4
5 -5
5 -7
5 -12
5 -13
5 -15
6 -4
6 -6
6 -7
6 -8
6 -9
6 -10
6 -11
6 -13
6 -15
7 -1
7 -2
7 -5
7 -6
7 -8
7 -10
7 -12
7 -13
7 -14
8 -1
8 2
8 6
8 -7
8 -8
8 -9
8 10
8 -11
8 -12
8 14
9 1
9 -3
9 -5
9 -7
9 -8
9 -11
9 -12
9 -14
10 -1
10 -2
10 -3
10 -5
10 -6
10 -7
10 -9
10 -10
10 -11
10 -14
11 -1
11 -2
11 -3
11 -4
11 -5
11 -10
11 -11
11 13
11 -15
12 -1
12 -6
12 -7
12 -8
12 -9
12 10
12 -15
13 -2
13 -3
13 -4
13 -5
13 -9
13 -10
13 -11
13 -12
14 -1
14 -2
14 -5
14 -6
14 -9
14 -11
14 -12
14 -13
14 -15
15 -1
15 -2
15 -3
15 -4
15 -5
15 -7
15 -8
15 -9
15 -10
15 -12
15 -13
15 121
1 -1
1 3
1 -5
1 -6
1 7
1 -8
1 -9
1 -10
1 -11
1 -12
1 14
2 -2
2 -3
2 -5
2 -7
2 -8
2 -9
2 -12
2 -15
3 -1
3 3
3 -4
3 6
3 -9
3 -10
3 -11
4 -1
4 -4
4 6
4 -11
4 -12
4 -13
4 -14
5 -2
5 3
5 -4
5 -6
5 -7
5 -8
5 11
5 -12
5 -13
5 14
6 -1
6 -2
6 -3
6 -4
6 -6
6 -7
6 10
6 -13
6 -14
7 3
7 -6
7 -8
7 -9
7 -11
7 -12
7 -13
7 -14
7 -15
8 -3
8 -4
8 -9
8 -10
8 -11
9 -4
9 -5
9 -6
9 8
9 -9
9 -11
9 -12
9 -13
9 -15
10 1
10 -3
10 -4
10 -7
10 -8
10 -9
10 -11
10 -15
11 -4
11 -5
11 -6
11 -10
11 -11
11 -12
11 -14
11 -15
12 -1
12 -2
12 -4
12 -5
12 12
12 -14
13 -1
13 -6
13 -7
13 -11
13 -12
13 -13
13 -14
13 -15
14 -2
14 -5
14 -6
14 -7
14 -10
14 -14
14 -15
15 -2
15 -6
15 -7
15 -8
15 -11
15 -12
15 -13
15 -14
15 -15
15 105
1 1
1 -4
1 -6
1 -8
1 -9
1 -12
1 -13
1 -15
2 -1
2 -2
2 -7
2 -14
2 -15
3 1
3 -2
3 -3
3 -4
3 -5
3 -6
3 -7
3 -8
3 -9
3 -12
3 14
3 -15
4 -1
4 -7
4 -10
4 -15
5 -1
5 -2
5 -4
5 -5
5 -7
5 -8
5 -11
5 -12
5 -15
6 2
6 -3
6 -5
6 -6
6 -9
6 -11
6 -14
6 -15
7 -5
7 -7
7 -11
8 -7
8 -8
8 -10
8 -12
9 -4
9 -5
9 -11
9 -15
10 -1
10 -3
10 -4
10 -8
10 -10
10 -11
10 -12
10 -13
10 14
10 -15
11 -4
11 -5
11 -6
11 -7
11 -8
11 -10
12 -1
12 -6
12 9
12 -10
12 -11
12 12
12 13
12 -14
13 -1
13 -3
13 -4
13 -5
13 -7
13 -8
13 10
13 -12
13 -13
14 1
14 -2
14 3
14 -5
14 10
14 -12
14 -13
14 -14
14 -15
15 3
15 -4
15 -5
15 -9
15 -10
15 -14
15 100
1 -1
1 -2
1 -4
1 -11
1 -12
1 -15
2 -3
2 -9
2 -10
3 -1
3 -7
3 -10
3 -11
3 -15
4 -2
4 -4
4 -5
4 -6
4 -9
4 -12
4 -13
4 -15
5 -3
5 -4
5 -6
5 -7
5 -11
5 -12
5 -13
5 -14
5 -15
6 -4
6 6
6 -11
6 -14
7 1
7 3
7 7
7 -10
7 11
7 -15
8 -2
8 -7
8 -8
8 -9
8 -11
8 -13
8 -14
8 -15
9 -1
9 -2
9 -3
9 -5
9 -7
9 -8
9 -9
9 -10
9 -13
10 -6
10 -7
10 9
10 -12
10 -13
10 -14
11 -3
11 -7
11 8
11 -10
11 -11
11 -12
11 -13
11 -15
12 2
12 -5
12 6
12 -7
12 -8
12 -10
12 -11
12 -15
13 -1
13 -2
13 -3
13 -6
13 -9
13 -10
13 -13
13 -15
14 -4
14 5
14 10
14 -11
14 12
14 13
14 -14
15 -6
15 -7
15 10
15 14
15 -15
15 96
1 -1
1 -4
1 -6
1 -7
1 -8
1 -9
1 -11
2 -3
2 -4
2 -8
2 -10
3 -2
3 -4
3 -5
3 -6
3 -7
3 -8
3 -9
3 -10
3 -12
3 -13
3 -14
4 1
4 -2
4 3
4 -4
4 -6
4 -7
4 10
4 -12
4 -14
5 -3
5 -4
5 -5
5 6
5 -7
6 -1
6 -4
6 -7
6 -15
7 -4
7 -6
7 -12
7 -13
7 -14
8 -3
8 -4
8 -6
8 -7
8 -13
8 -15
9 1
9 -2
9 -3
9 -6
9 -7
9 -9
9 -11
9 -14
9 -15
10 -1
10 -2
10 -4
10 -6
10 -8
10 -10
10 -12
10 -13
11 -1
11 -3
11 -4
11 -5
11 -7
11 -9
11 -10
12 -1
12 -6
12 -10
12 13
13 -2
13 -7
13 -14
14 -1
14 -2
14 -5
14 -9
14 10
14 -11
14 -13
14 -14
15 -3
15 -4
15 -5
15 -6
15 -7
15 -9
15 76
1 -6
1 -7
1 -8
1 -10
1 -12
1 -13
1 -15
2 -1
2 -2
2 -7
2 -8
2 -9
3 -1
3 2
3 -4
3 -5
3 -7
3 -10
3 -12
3 -13
3 -14
4 -1
4 -6
4 -7
4 -10
4 -14
5 -3
5 -4
5 -5
5 -10
5 -15
6 -5
6 -11
6 -12
7 -2
7 -7
7 -13
8 -1
8 -4
8 -6
8 -7
9 -1
9 -2
9 -5
9 -6
9 -7
9 -11
10 -2
10 -3
10 -5
11 -7
11 -8
11 -9
11 -10
11 -12
11 -15
12 -1
12 -5
12 -11
12 -13
13 -3
13 -4
13 -9
13 -14
14 -1
14 -2
14 4
14 -7
14 11
14 -13
14 -15
15 -1
15 -2
15 -12
15 -14
15 -15
15 50
1 1
1 2
1 -8
1 -9
1 -15
2 -6
2 -8
2 -11
3 -11
4 1
4 -10
4 12
4 -14
5 -2
5 5
5 -7
5 -10
5 -12
5 -13
6 -5
6 -7
7 -2
7 -6
7 -10
7 -12
8 -2
8 -6
8 -7
8 -13
9 13
10 -1
10 -3
10 -6
10 -7
10 -9
10 -12
10 -14
11 3
11 -10
11 -15
12 -3
12 -4
12 -5
12 -6
12 -12
13 -10
14 -4
14 12
15 -3
15 -15
15 47
1 4
1 -5
1 -7
1 -10
2 -12
2 -13
2 -14
3 2
3 -5
4 7
4 -10
4 -12
5 -3
5 -10
5 13
6 3
6 -5
6 6
6 -7
7 -1
7 -4
7 -7
7 -8
7 10
7 -11
7 -12
8 -4
8 -10
8 13
9 -1
9 -7
9 -15
10 -4
10 -7
11 -10
11 -11
12 3
12 6
12 -14
13 -5
14 -1
14 -10
14 -12
14 -15
15 -6
15 -10
15 11
15 32
1 1
1 -13
1 -14
2 -2
3 -13
3 -15
4 -4
4 -11
5 -8
6 1
6 -2
6 -13
7 1
7 -2
7 -7
7 -13
8 -13
9 -2
9 -8
9 -9
9 -10
10 -7
11 -3
11 -15
12 3
12 -13
14 -3
14 -9
14 -12
15 3
15 -4
15 -5
15 22
1 -4
1 -13
2 -15
3 11
3 -12
4 -7
4 -12
5 -8
6 -8
6 -15
7 -12
8 -13
8 -15
9 8
9 -10
10 1
10 -10
11 -5
12 -2
13 2
13 -15
14 -11
15 18
1 -4
2 -5
3 -4
4 -11
4 12
5 -1
5 -10
5 -15
7 -9
8 10
8 -15
9 -12
10 -8
14 2
14 -4
14 7
15 -1
15 -8
15 0
0 0 
