1 0
2 0
3 0
4 1
3 -4
5 1
3 -4
6 4
1 -1
2 -2
3 -3
4 5
7 8
2 -2
2 -5
2 -7
3 -1
3 -4
5 -3
6 -6
7 7
8 9
1 -6
2 -3
2 -8
4 3
7 -2
7 -5
7 -7
8 -4
8 5
9 10
1 -4
1 -9
2 -4
4 -8
4 -9
5 -4
5 -5
5 -9
6 -8
8 6
10 15
1 -4
2 -10
3 -2
3 3
3 -8
4 -5
4 -9
5 -9
5 -10
6 -9
7 -4
7 6
7 -10
9 -6
10 -2
11 9
1 -6
2 -9
3 -2
4 -6
7 -2
7 -3
8 -1
9 -3
9 -4
12 18
1 2
1 3
1 -5
2 -4
3 1
4 6
4 -10
5 -4
5 -10
6 -2
6 -5
6 -12
8 -2
8 -10
8 -11
10 -5
10 7
12 -11
13 20
1 -1
1 11
2 -8
2 -9
3 -6
3 -10
4 -11
5 -4
6 -10
6 -12
7 -5
8 -10
9 -6
11 -1
11 -9
12 -7
12 -11
13 6
13 -7
13 -12
14 24
2 -1
2 -2
2 -6
4 -1
4 -2
4 -3
4 12
6 -14
8 -1
8 -4
8 -14
9 -12
10 -9
10 -11
10 -14
11 -3
11 -4
11 -13
12 -10
12 -11
13 -13
14 -3
14 8
14 13
15 25
2 6
2 -13
3 -2
4 -15
5 -9
6 -3
6 -15
7 -1
7 -5
7 -9
7 -11
8 -6
9 -5
9 7
9 -8
9 -15
10 -3
10 -4
12 -4
12 8
13 -5
14 -4
14 -12
15 -2
15 -3
16 23
1 -8
1 -13
1 -14
3 -9
4 -9
4 11
5 -4
5 -9
5 -15
6 2
7 -1
8 -12
10 -7
10 -14
12 -2
12 -7
12 -9
12 -16
13 -5
14 -8
15 -6
16 -6
16 -12
17 36
1 -6
2 -6
2 -17
3 -8
3 -12
3 -14
4 -4
5 -3
5 -13
5 -14
6 -3
6 -4
6 -8
7 -16
8 -6
8 -7
8 -10
8 -11
9 -7
9 -11
10 -8
10 -17
11 -3
11 6
12 -11
12 -14
13 -2
13 -14
14 -11
15 -5
15 -7
15 -8
15 -14
16 -10
16 -14
17 -1
18 32
1 -2
1 -3
1 -5
2 -11
3 -10
3 -16
4 13
4 -15
5 -9
6 -11
7 -4
7 -11
7 -12
9 -13
10 -1
10 -5
10 -11
10 -17
11 -1
11 -5
11 10
12 -18
13 -6
13 -14
14 -1
15 -7
15 -16
16 -4
16 -14
17 2
17 -3
18 -12
19 31
1 -4
1 10
1 -16
2 -1
2 -3
3 -1
3 -4
3 -6
3 -13
4 -14
7 -7
8 -1
8 -8
9 -4
10 -3
11 -4
11 -9
12 -5
12 8
12 -13
14 -1
14 -10
14 -15
15 -3
17 -1
17 -3
17 -19
18 3
18 -4
18 -8
19 10
20 45
1 -12
1 -14
2 -3
2 -9
2 -17
3 -1
3 -20
4 2
4 -12
4 15
5 -11
5 -17
6 -16
7 -15
7 -17
8 -8
9 -7
9 -8
9 -15
10 -1
10 -3
10 13
10 -20
11 -3
11 -6
12 -3
13 -8
14 -6
14 18
15 -16
16 -9
16 13
16 -20
17 -10
17 -11
17 -14
18 -13
18 16
18 -18
18 19
19 -7
19 -11
20 -6
20 -12
20 -18
21 40
1 -9
2 -10
2 -14
2 19
3 6
3 -19
4 -3
4 -4
4 -21
5 -6
6 -9
7 13
7 -21
8 -2
8 13
9 -2
9 -5
9 11
9 -16
10 -8
11 -3
11 -17
12 -3
12 -7
14 -1
14 11
14 -13
16 -2
16 -11
16 -13
17 -10
17 -11
17 21
18 -9
18 -19
19 -4
19 20
20 -4
21 -1
21 -19
22 48
1 -5
1 -14
2 -14
2 -16
2 -19
3 -13
4 -16
4 -17
6 -5
6 -12
7 -5
7 -13
8 -18
9 -15
10 -19
11 -4
11 -22
12 -2
12 -6
12 -12
12 -15
12 -17
13 -18
13 -22
14 6
14 14
14 19
15 -3
15 -14
15 -16
16 -2
16 -3
16 -14
16 -15
16 -21
17 -4
18 -12
18 -19
18 -22
19 -6
19 -7
20 -5
20 -20
21 -9
21 -21
22 -14
22 -15
22 -20
23 50
2 -23
3 -16
3 -18
4 -9
4 -18
5 -3
5 -17
5 -22
6 -4
6 -19
7 -13
7 -15
7 -18
8 -13
8 -15
9 -1
9 -17
10 -4
10 -16
11 -3
12 -6
12 -21
14 -2
14 -11
14 -12
15 -7
15 -17
16 -1
16 -2
16 -9
16 -12
17 -3
18 13
19 -4
19 -21
20 -2
20 -3
20 -4
20 -5
20 -9
20 -15
20 -17
21 -3
21 -12
21 -15
21 -19
21 -20
23 5
23 -15
23 23
24 52
1 -3
1 -11
2 -8
2 -14
3 -7
3 -18
4 -8
4 -19
4 -22
5 -8
6 -13
6 -15
6 -21
7 -3
7 10
7 -22
8 -1
8 -6
9 -4
9 -22
10 -6
10 7
10 -15
11 17
11 -21
12 -13
12 -14
12 -16
12 -22
13 -13
13 -18
14 -4
14 -9
14 -11
14 -19
15 -17
15 -24
16 -2
16 -12
17 -15
17 -24
18 -24
19 -16
19 -20
20 -11
21 -20
21 -24
22 -2
23 -2
23 -9
23 -11
23 -19
25 71
1 -9
2 -12
2 -25
3 -18
4 -1
4 -5
4 -16
5 -13
5 -17
7 7
7 -11
7 -18
8 -11
8 -24
8 -25
9 -2
9 -18
9 -19
9 -24
10 -3
10 -10
10 11
11 8
11 -16
11 -24
12 -5
12 -12
12 -16
12 -20
13 -1
13 -3
13 -4
13 -8
13 -20
13 -23
14 -4
14 -6
14 -7
14 -9
14 -12
14 -23
15 -1
15 -11
15 -15
15 -24
16 -9
17 -4
17 -9
18 -5
18 -10
18 -24
18 -25
20 7
21 -4
21 -6
21 -9
21 -12
21 -13
22 -4
22 -6
22 -10
23 -3
23 -18
23 -19
23 -21
24 -3
24 5
24 -22
25 -3
25 18
25 -21
26 69
2 -6
2 7
3 -15
4 -2
4 -7
4 -25
5 -19
5 -21
6 -11
6 -13
6 -18
6 -20
7 -2
8 -4
8 -7
8 -12
8 -14
9 -2
10 -11
10 -14
10 -19
10 -24
11 -11
11 -14
12 -3
12 -6
12 -8
12 -14
14 -2
14 -4
14 -8
15 1
15 -3
15 -10
15 24
16 -23
17 -4
17 25
18 -3
18 -4
18 -5
18 -6
18 -11
18 -20
19 -21
20 -2
20 -12
20 -23
21 -7
21 -9
22 -16
22 -24
23 -1
23 -2
23 -8
23 -9
23 -10
24 -2
24 -14
24 -18
25 -7
25 -18
25 -26
26 -1
26 -9
26 -13
26 -15
26 -18
26 -19
27 70
1 -19
1 21
1 -22
2 -13
3 -14
5 -1
5 9
5 -22
5 -26
5 -27
6 -3
6 -9
6 -10
6 -13
7 -5
8 -1
8 -12
8 -25
9 13
10 5
10 -8
10 -13
10 -23
11 -6
11 22
12 -1
12 -7
12 -9
12 -12
12 21
12 -22
12 -23
13 -5
13 -8
13 -10
14 -3
14 -12
14 -14
14 -24
14 26
15 13
16 12
16 -24
17 -1
17 -15
18 -25
18 -27
19 -9
20 -8
20 -25
21 -2
21 -8
21 -9
21 -13
22 2
22 -15
22 -22
23 -11
23 18
23 -21
25 -2
25 -3
25 -7
25 -13
25 -16
25 -18
25 -20
26 -1
26 -21
27 -21
28 82
1 -22
2 -4
2 -5
2 -7
2 14
2 -20
3 -4
3 -10
3 -13
3 -28
5 -4
5 -12
5 -15
5 -18
5 -20
5 -23
6 -2
6 -8
6 -21
6 -24
7 -5
7 -8
7 -10
7 25
8 -18
8 21
8 22
8 -25
9 -22
10 -1
10 -3
10 -5
10 16
10 -18
11 -8
11 -19
12 -6
12 8
12 -22
13 -2
13 -5
13 -6
13 -10
13 -11
13 -12
13 -16
13 -21
13 -24
14 26
15 -3
15 -8
15 -15
15 -23
16 -14
16 -27
17 -18
17 -21
17 -25
18 -22
18 -25
19 -3
19 -18
20 -6
21 -1
21 -9
21 -14
22 -3
22 -10
22 11
22 -20
23 -9
23 -25
23 -27
24 -11
25 -24
26 -12
26 -22
26 27
27 19
27 -24
28 -11
28 -19
29 86
1 3
2 -21
2 -22
3 -26
4 -18
4 -22
4 -26
4 -28
4 -29
5 -3
5 -9
5 -14
5 17
6 7
6 17
6 -18
6 -19
6 -26
6 -28
7 -3
7 -8
7 -9
7 -12
7 -17
7 -22
8 -6
8 -7
8 -13
8 -15
8 16
8 -21
9 -9
9 -13
9 -26
10 -4
10 -10
10 -13
10 14
10 -16
10 -26
11 11
11 -14
11 -23
12 -5
12 -18
13 14
13 -15
13 -26
14 -15
15 -3
15 -12
16 -16
17 -1
18 -16
18 -28
19 -16
20 -16
20 -18
20 -21
21 -9
21 -16
21 -25
22 -11
22 -12
23 -5
23 -24
23 -27
24 -27
25 -9
25 -11
25 -24
26 1
26 -12
26 -17
26 20
26 -27
26 29
27 -7
27 -16
28 -2
28 -4
28 -23
29 -9
29 -18
29 -21
29 -22
30 97
1 -4
1 -20
1 -22
2 -9
2 -10
2 -17
2 18
3 -1
3 -6
3 7
4 -13
4 -16
4 -21
5 -4
5 -13
6 -4
6 -11
6 -15
6 -17
6 -20
6 21
7 -1
7 -19
7 -25
7 -30
8 -2
8 4
8 8
8 -15
8 -24
9 -13
9 -14
9 -15
9 -19
9 -29
10 -5
10 -13
11 -27
12 -1
12 27
13 -2
13 -6
13 -16
13 -18
13 -23
13 -30
14 -9
14 -14
14 -18
14 -19
14 -25
14 -29
15 -3
15 9
15 -12
15 -19
15 23
16 -16
16 -28
17 -9
17 -17
18 -6
18 -19
19 -8
19 -14
20 -1
20 -5
20 -8
20 -12
20 -15
20 -28
20 -29
21 2
21 -22
21 -23
22 -4
22 22
22 -27
23 -14
23 -15
24 7
24 -13
24 -17
25 -10
25 -26
26 -8
26 16
26 -21
26 -26
27 -14
27 -17
28 -16
28 -18
29 -1
29 -7
29 28
29 -30
0 0 
