1 0
2 0
3 0
4 3
3 -2
3 -3
4 -4
5 2
1 -1
2 -2
6 7
1 -5
3 -5
4 -3
4 -5
5 -4
6 -1
6 -2
7 3
3 -4
4 -2
4 -3
8 8
1 -1
1 -6
3 -1
6 -6
6 -8
7 -6
7 -8
8 -8
9 9
3 -2
3 -5
3 -7
4 -3
5 -1
5 -6
6 -7
7 -9
9 -8
10 14
1 -3
1 -8
2 -1
2 -5
3 -9
4 -6
7 -1
8 -2
8 -3
8 -6
9 -1
9 -4
10 -1
10 -10
11 18
1 -9
2 -2
2 -5
2 -8
3 -5
3 -11
5 -7
5 -11
6 -1
6 -7
6 -9
7 -10
8 -2
8 -5
9 -2
10 -1
10 -8
11 -2
12 20
1 -2
2 -11
2 -12
3 -3
3 -5
4 -5
5 -6
6 -5
7 -5
8 -3
8 -6
8 -7
8 -8
9 -1
9 -9
10 -2
10 -6
10 -8
11 -6
12 -6
13 22
1 -1
1 -2
1 -6
1 -7
1 -8
3 -5
3 -10
3 -11
4 -3
4 -5
5 -4
5 -13
6 -6
6 -8
6 -11
8 -8
9 -9
9 -11
10 -6
10 -9
12 -2
13 -2
14 16
1 -10
4 -13
5 -9
6 -11
6 -13
7 -1
8 -4
8 -14
9 -1
9 -11
10 -5
10 -9
10 -11
11 -6
11 -12
12 -9
15 23
2 -1
2 -3
2 -7
3 -2
3 -8
3 -9
3 -14
3 -15
5 -5
6 -12
7 -4
9 -6
10 -10
11 -2
11 -3
11 -13
12 -2
13 -1
13 -7
13 -13
14 -2
15 -9
15 -10
16 40
1 -1
1 -7
1 -16
2 -3
3 -12
4 -1
4 -3
4 -4
4 -10
5 -9
5 -11
6 -5
6 -11
6 -15
6 -16
7 -1
7 -5
7 -8
7 -11
8 -3
9 -11
10 -2
11 -4
11 -7
12 -10
12 -12
13 -1
13 -5
13 -6
13 -9
13 -11
14 -1
14 -3
14 -9
15 -4
15 -8
15 -9
16 -6
16 -7
16 -8
17 35
1 -1
1 -10
1 -17
2 -8
2 -12
2 -13
2 -17
3 -7
4 -7
4 -9
5 -5
5 -10
5 -12
6 -2
6 -9
6 -10
6 -14
6 -16
7 -5
7 -10
8 -1
8 -11
9 -15
11 -15
12 -6
12 -10
13 -14
14 -1
14 -7
14 -17
15 -3
16 -11
16 -14
17 -3
17 -14
18 35
1 -7
1 -11
1 -14
2 -3
3 -3
3 -16
4 -1
4 -3
4 -7
4 -10
4 -13
5 -16
6 -6
7 -8
7 -18
8 -5
8 -7
8 -16
9 -6
9 -8
10 -3
10 -11
10 -12
11 -1
11 -11
11 -13
12 -2
12 -7
12 -15
15 -1
15 -9
17 -11
17 -14
18 -1
18 -7
19 46
1 -1
1 -4
1 -13
2 -13
3 -4
3 -8
4 -4
4 -5
4 -8
4 -16
5 -9
5 -15
6 -3
6 -4
6 -6
6 -10
6 -18
7 -7
7 -9
7 -13
8 -4
8 -6
8 -12
9 -1
9 -8
9 -16
10 -12
10 -15
10 -17
10 -18
11 -2
12 -1
12 -4
12 -17
13 -14
14 -5
14 -14
15 -17
16 -7
16 -9
16 -15
16 -18
17 -17
18 -5
18 -15
19 -15
20 65
1 -8
1 -16
2 -7
2 -13
3 -2
3 -9
3 -10
4 -5
4 -6
4 -8
4 -10
5 -1
5 -13
5 -18
6 -11
6 -19
6 -20
7 -2
7 -11
7 -13
7 -18
8 -1
8 -2
8 -3
9 -1
9 -2
9 -3
9 -7
9 -8
10 -1
10 -3
10 -4
10 -5
10 -6
10 -15
10 -17
10 -19
11 -9
11 -10
11 -18
12 -12
13 -1
13 -3
13 -13
13 -20
14 -19
14 -20
15 -1
15 -2
15 -8
15 -9
15 -15
16 -3
16 -15
16 -20
17 -8
17 -14
17 -16
18 -2
18 -19
18 -20
19 -5
19 -11
19 -19
19 -20
21 46
1 -4
2 -18
3 -2
4 -21
5 -8
5 -16
5 -18
7 -1
7 -6
7 -17
7 -18
7 -19
7 -20
7 -21
8 -6
8 -21
9 -16
9 -20
10 -8
10 -13
11 -14
11 -21
12 -11
12 -14
12 -15
14 -2
14 -11
14 -18
15 -3
15 -17
15 -19
16 -3
16 -4
16 -14
16 -21
17 -2
17 -10
17 -13
17 -16
18 -12
19 -3
19 -14
20 -6
20 -19
21 -1
21 -21
22 61
1 -17
1 -19
2 -17
2 -18
2 -20
2 -21
3 -2
3 -7
3 -14
3 -17
3 -20
5 -2
5 -13
5 -19
6 -6
6 -16
6 -22
7 -3
7 -7
7 -20
7 -22
8 -8
8 -18
8 -19
9 -6
9 -7
9 -21
10 -9
10 -15
10 -18
10 -20
12 -21
13 -1
13 -3
13 -4
13 -9
13 -12
13 -16
14 -18
14 -21
15 -6
15 -12
15 -21
17 -4
18 -11
18 -19
18 -20
19 -10
19 -22
20 -13
20 -17
21 -2
21 -3
21 -12
21 -17
21 -19
22 -3
22 -4
22 -7
22 -11
22 -17
23 67
1 -1
1 -2
1 -5
1 -20
2 -19
3 -2
3 -17
3 -20
3 -23
4 -3
4 -17
4 -21
5 -1
5 -4
5 -5
5 -20
6 -18
7 -4
7 -5
7 -6
7 -19
8 -3
8 -18
9 -1
9 -19
9 -21
10 -6
10 -15
10 -16
10 -21
11 -5
11 -7
11 -8
11 -11
11 -13
11 -18
12 -2
12 -8
12 -13
13 -1
13 -9
13 -15
14 -2
14 -12
14 -18
15 -14
15 -18
16 -3
16 -20
16 -23
17 -14
18 -22
19 -3
19 -14
19 -16
20 -9
20 -10
20 -15
20 -20
21 -17
21 -19
22 -2
22 -4
22 -23
23 -6
23 -11
23 -20
24 72
1 -7
1 -17
1 -22
2 -2
2 -12
2 -18
2 -23
3 -22
4 -12
5 -6
5 -9
6 -21
7 -1
7 -8
7 -18
8 -7
8 -13
8 -19
9 -14
9 -15
9 -20
10 -2
10 -4
10 -5
10 -21
11 -5
11 -17
11 -24
12 -9
12 -13
12 -20
12 -21
12 -23
13 -1
13 -5
13 -9
13 -15
13 -20
14 -5
14 -14
14 -17
14 -20
14 -21
15 -3
15 -14
15 -24
16 -5
16 -12
17 -11
17 -15
17 -21
18 -10
18 -13
18 -19
18 -23
19 -12
19 -23
20 -8
20 -14
20 -19
20 -23
21 -1
21 -9
21 -10
21 -18
21 -19
21 -23
23 -1
23 -2
23 -18
24 -4
24 -18
0 0 
