1 0
2 3
1 -2
2 -1
2 -2
3 5
1 -1
1 -2
1 3
2 -2
2 3
4 7
1 -2
1 -3
2 -2
3 -2
3 -3
3 -4
4 -3
5 8
1 -2
2 -3
2 -4
2 -5
3 -3
3 -4
5 -3
5 -5
6 16
1 -1
2 -1
2 -2
2 -3
2 -4
2 -6
3 -2
3 -4
4 -3
4 -4
5 1
5 -2
5 -3
5 -5
6 -1
6 -4
7 29
1 -1
1 -6
2 -1
2 -2
2 -3
2 -6
2 -7
3 -1
3 -3
3 -4
3 -6
4 -1
4 -2
4 3
4 -5
4 -7
5 3
5 -4
5 -5
6 -1
6 -2
6 -3
6 4
6 -5
6 -6
7 -2
7 -4
7 -5
7 -6
8 29
1 -3
1 -4
1 -5
1 -6
2 -2
2 -3
2 -6
2 -7
2 -8
3 -1
3 -5
4 -1
4 -3
4 -5
4 -7
5 -4
5 -7
5 -8
6 -1
6 -2
6 -3
6 -6
6 -7
7 -1
8 -1
8 -2
8 -3
8 -4
8 -6
9 45
1 1
1 -2
1 -4
1 -7
2 -1
2 -3
2 -4
2 -5
2 -9
3 -1
3 -2
3 -3
3 -5
3 6
3 -9
4 1
4 4
4 -5
4 -6
4 -7
4 9
5 -2
5 -4
5 -7
5 -8
5 -9
6 -2
6 -4
6 7
6 -8
7 -2
7 -3
7 -4
7 -6
7 -8
7 -9
8 -1
8 4
8 -5
8 -8
9 -3
9 -4
9 -6
9 7
9 -9
10 43
1 1
1 -2
1 -3
1 -5
1 -9
2 -2
2 -4
2 -6
2 -7
2 -9
2 -10
3 1
3 -2
3 -4
3 -10
4 -1
4 -6
4 -7
4 -9
4 10
5 -3
5 -4
5 8
6 -1
6 -4
6 -6
6 -10
7 -2
7 -3
7 -4
7 -5
7 -6
7 -7
7 -10
8 -6
9 -2
9 -3
9 -4
9 -6
10 -2
10 -4
10 -5
10 -8
11 69
1 -1
1 -2
1 -5
1 -6
1 -7
1 -10
2 -2
2 3
2 -6
2 -7
2 -8
2 -10
3 1
3 -2
3 -4
3 -5
3 -7
3 -9
3 -10
4 -1
4 -2
4 -3
4 -5
4 9
4 -10
5 -1
5 -2
5 -3
5 -4
5 -5
5 -6
5 -10
5 -11
6 -1
6 -2
6 -4
6 -6
6 -7
6 -8
6 -10
7 -2
7 -4
7 -5
7 -6
7 -10
8 -1
8 -2
8 -4
8 -5
8 -8
8 -10
9 2
9 -3
9 4
9 -7
10 -1
10 2
10 -4
10 -5
10 -8
10 -9
10 -11
11 -2
11 -4
11 -6
11 -7
11 -8
11 -9
11 -10
12 63
1 -1
1 -3
1 -4
1 -7
1 -8
1 -9
1 -10
1 11
2 -1
2 2
2 -6
2 -7
2 -8
2 -11
3 1
3 -4
3 -7
3 -8
3 9
4 -3
4 -4
4 5
4 -9
4 -11
5 -1
5 -4
5 -8
5 -10
6 -1
6 -4
6 -6
6 8
6 -10
6 -11
7 -2
7 -4
7 -5
8 -1
8 3
8 -4
8 -6
8 -8
8 -11
8 -12
9 -1
9 -8
10 1
10 -3
10 7
10 -8
11 -1
11 -4
11 -6
11 -7
11 11
11 -12
12 2
12 -4
12 -5
12 -7
12 -8
12 -10
12 -12
13 81
1 -2
1 -5
1 -8
1 -12
2 -1
2 -3
2 -5
2 7
2 -11
2 12
2 -13
3 -2
3 -8
3 11
3 -13
4 -1
4 -2
4 -5
4 -6
4 -8
4 10
4 11
4 -13
5 -4
5 -5
5 -6
5 -7
5 -9
5 -12
6 -1
6 -2
6 -6
6 -7
6 -8
6 -9
6 -12
7 -1
7 3
7 -4
7 -5
7 -6
7 -8
7 -10
7 -11
7 -13
8 -1
8 -3
8 -4
8 -9
8 -11
8 -13
9 -1
9 4
9 -9
9 10
9 -11
9 -12
9 -13
10 -2
10 -3
10 -5
10 -12
10 -13
11 -3
11 -4
11 -6
11 -7
11 -9
11 -13
12 1
12 -2
12 -3
12 -5
12 -7
12 -9
13 -1
13 2
13 -4
13 -8
13 -10
13 -12
14 98
1 -1
1 -3
1 -5
1 -6
1 -8
2 2
2 -3
2 -5
2 -8
2 -11
2 -12
2 -13
2 -14
3 -1
3 -3
3 -4
3 -5
3 -7
3 -10
3 -12
3 -14
4 -1
4 3
4 -5
4 -6
4 -7
4 8
4 -12
5 -2
5 -3
5 -6
5 -7
5 -13
5 -14
6 -1
6 2
6 -3
6 -4
6 5
6 -10
6 -14
7 1
7 -5
7 -8
7 -13
8 -1
8 -3
8 -4
8 5
8 -7
8 -11
8 -12
9 -1
9 -3
9 -8
9 -10
9 -12
9 13
10 -2
10 -3
10 -5
10 -7
10 8
10 -9
10 -10
11 -2
11 -3
11 -5
11 -6
11 -9
11 -10
11 -13
12 -2
12 5
12 -9
12 10
12 -11
12 -12
12 13
12 -14
13 -1
13 -4
13 -5
13 -6
13 -7
13 -8
13 11
13 -12
13 -14
14 -3
14 -4
14 -5
14 -6
14 -8
14 -9
14 -10
14 -11
14 -12
15 113
1 -2
1 3
1 -4
1 -7
1 -8
1 -9
1 -12
1 -13
2 -1
2 -2
2 -6
2 -7
2 -8
2 -10
2 -12
2 -13
2 -14
2 -15
3 -1
3 3
3 4
3 6
3 -7
3 -9
3 -11
3 -12
3 -13
3 -14
4 -1
4 -2
4 -5
4 -7
4 -12
4 13
5 -2
5 3
5 -6
5 8
5 -9
5 10
5 -13
5 -15
6 -1
6 -7
6 -9
6 12
7 -1
7 2
7 3
7 -6
7 -8
7 -12
7 -13
7 -14
7 -15
8 -2
8 -8
8 -9
8 -10
9 -1
9 -2
9 3
9 -9
9 -10
9 -12
10 -3
10 4
10 -5
10 -6
10 -10
10 -13
11 -4
11 -6
11 -8
11 -11
11 -12
11 -13
11 -14
12 5
12 -8
12 -9
12 -10
12 -12
12 -13
12 15
13 -1
13 -3
13 -4
13 -6
13 -7
13 -9
13 -10
13 -11
13 -12
13 -14
14 -1
14 -3
14 -4
14 -6
14 -7
14 -8
14 -9
14 -10
14 -15
15 -1
15 -3
15 -4
15 -5
15 -6
15 -9
15 -10
15 11
15 -13
16 127
1 -3
1 -5
1 -8
1 12
1 -13
1 -15
2 -2
2 -3
2 -6
2 -7
2 -8
2 -11
2 -13
2 -14
3 -2
3 -5
3 -7
3 -11
3 -12
3 -13
3 -15
4 -1
4 -7
4 -8
4 -9
4 -11
4 -12
4 -13
4 -14
5 -1
5 -11
5 -12
5 -16
6 -1
6 -2
6 -4
6 -6
6 -10
6 -13
6 -16
7 -1
7 -2
7 -3
7 -6
7 -8
7 -10
7 -11
7 -12
7 -13
7 -15
7 16
8 2
8 -5
8 -10
8 -11
8 15
9 -1
9 -2
9 -5
9 -6
9 -9
9 -10
9 -12
9 -15
10 -1
10 -4
10 -7
10 -8
10 -10
10 -11
10 -12
10 -13
10 16
11 -1
11 -4
11 -6
11 -9
11 -11
11 -12
11 -13
12 -3
12 -4
12 -5
12 -6
12 -12
12 -13
13 -1
13 -2
13 -4
13 -5
13 -6
13 -7
13 -8
13 -9
13 -10
13 -11
13 -13
13 -14
13 -16
14 -1
14 -2
14 -7
14 -8
14 9
14 -11
14 -12
14 -13
14 -14
14 -16
15 -2
15 -3
15 4
15 -6
15 -8
15 -9
15 -11
15 -12
15 -13
16 -2
16 -5
16 -7
16 -8
16 -9
16 -10
16 -13
16 -14
16 -16
17 149
1 -1
1 -4
1 -8
1 -9
1 -10
1 -12
1 13
1 -14
1 -17
2 -2
2 -3
2 -4
2 -7
2 8
2 -9
2 -10
2 -11
2 -12
2 -13
2 14
2 -15
3 -2
3 -4
3 -6
3 -8
3 -10
3 -12
3 13
3 -15
3 -16
4 1
4 -9
4 -10
4 -11
4 -12
4 -14
4 -15
4 -17
5 -3
5 -8
5 -9
5 -10
5 -11
5 -12
5 -13
5 -17
6 -3
6 -4
6 -5
6 -7
6 -8
6 -9
6 -10
6 -16
7 1
7 -2
7 -4
7 -6
7 -7
7 -8
7 -10
7 -11
7 -12
7 -14
7 -15
8 1
8 -4
8 -6
8 -7
8 -10
8 -11
8 -15
8 -17
9 -4
9 -5
9 7
9 -8
9 -9
9 -13
9 -14
9 -15
10 -2
10 -5
10 -10
10 -11
10 -13
10 15
10 -17
11 -5
11 -8
11 -11
11 -17
12 -3
12 -5
12 -6
12 -7
12 -9
12 -10
12 -12
12 -13
12 14
12 -15
12 -16
12 -17
13 -1
13 2
13 -3
13 -4
13 -7
13 -8
13 -9
13 -12
13 -13
13 -15
13 -16
14 -1
14 -2
14 -14
14 -15
14 -16
14 -17
15 -3
15 -4
15 -7
15 -8
15 -11
15 -15
16 -2
16 7
16 -8
16 -9
16 -12
16 -13
16 -14
16 -15
16 -16
16 17
17 -1
17 -3
17 -5
17 -7
17 -9
17 -10
17 -11
17 -12
17 -13
17 -14
17 -16
17 17
18 162
1 -4
1 -7
1 -10
1 -11
1 -12
1 -14
1 -15
1 17
2 -1
2 -2
2 -3
2 -4
2 -7
2 -9
2 -10
2 -12
2 -15
2 -17
3 -3
3 -5
3 -6
3 -7
3 -8
3 -10
3 -12
3 -13
3 -15
4 -1
4 -3
4 5
4 -6
4 8
4 -10
4 -13
4 -15
4 -17
4 -18
5 -1
5 -3
5 -4
5 -5
5 -8
5 -10
5 -11
5 -13
5 -16
5 -18
6 -1
6 -2
6 -7
6 -10
6 -11
6 -13
6 -14
6 -15
7 -1
7 -2
7 -3
7 4
7 -6
7 -8
7 -10
7 -11
7 -13
7 14
7 -16
7 -17
8 4
8 -6
8 14
8 -15
8 -16
8 -17
9 -1
9 -3
9 -10
9 11
9 15
9 -18
10 -1
10 2
10 -4
10 -5
10 -6
10 -8
10 -9
10 -10
10 11
10 -12
10 -13
10 16
10 -17
11 -1
11 -2
11 -5
11 -6
11 -7
11 -9
11 -11
11 -12
11 14
12 -2
12 -4
12 -5
12 -8
12 -9
12 -10
12 -11
12 -15
12 -17
12 -18
13 -2
13 -3
13 -6
13 -14
14 -1
14 -3
14 -4
14 -6
14 -9
14 -10
14 -11
14 -13
14 -14
14 -15
14 -16
14 17
14 -18
15 -2
15 -4
15 5
15 -9
15 -10
15 -11
15 -12
15 -13
15 -14
15 -15
15 -17
16 -8
16 -9
16 -12
16 -13
16 -14
16 -15
17 -1
17 -4
17 -7
17 -8
17 -15
17 -16
17 -17
17 18
18 -4
18 -6
18 -7
18 -9
18 -11
18 -13
18 -16
18 -17
18 -18
19 168
1 2
1 -5
1 -7
1 8
1 -10
1 -13
1 14
1 -17
1 -18
2 -2
2 -3
2 -6
2 7
2 8
2 -10
2 -14
2 -19
3 -1
3 -4
3 -5
3 -6
3 -8
3 -15
3 -18
3 19
4 1
4 -3
4 -4
4 -6
4 -8
4 -9
4 -10
4 -11
4 -14
4 -16
4 -18
4 -19
5 -1
5 -2
5 -3
5 -4
5 -10
5 -11
5 12
5 -13
5 -14
5 -15
5 -19
6 -1
6 -10
6 -11
6 -12
6 -14
6 -15
7 -1
7 -2
7 -3
7 -7
7 -10
7 -12
7 -13
7 -18
8 -1
8 2
8 -5
8 -7
8 -8
8 -9
8 -10
8 -11
8 -13
8 -14
8 -18
9 1
9 -7
9 -9
9 -15
9 -16
9 -18
9 -19
10 -3
10 -6
10 -7
10 -8
10 -9
10 -13
10 -15
10 -16
10 19
11 -7
11 -8
11 -11
11 -12
11 -14
11 -16
11 -17
11 -18
12 -1
12 -2
12 -4
12 -5
12 -6
12 -7
12 9
12 -10
12 -15
12 -17
12 -19
13 -1
13 -2
13 -4
13 -7
13 -11
13 -12
13 -14
13 -15
13 -16
13 -19
14 -1
14 5
14 6
14 -7
14 -8
14 -10
14 -11
14 -13
15 -2
15 -4
15 -6
15 8
15 -10
15 -11
15 -12
15 -15
15 -17
15 -18
15 -19
16 -1
16 -5
16 -6
16 -9
16 -11
16 -18
17 -2
17 -6
17 10
17 -11
17 -15
18 -1
18 -3
18 -9
18 -13
18 -14
18 -18
18 -19
19 -1
19 -3
19 -4
19 -6
19 -7
19 8
19 -10
19 -11
19 -13
19 -14
19 -17
19 -18
19 -19
20 196
1 -1
1 -2
1 -4
1 -5
1 6
1 -10
1 -14
1 -15
1 -16
1 -17
1 18
1 -19
2 -3
2 -4
2 5
2 -6
2 -7
2 8
2 -12
2 -15
2 -16
2 -17
2 -18
2 -20
3 3
3 -4
3 -5
3 -6
3 -9
3 10
3 -11
3 12
3 -15
3 -19
3 -20
4 -5
4 -6
4 7
4 -8
4 -13
4 -14
4 -15
4 -16
4 -18
4 -19
4 -20
5 -2
5 -4
5 -6
5 -7
5 -9
5 -11
5 -14
5 -16
6 -6
6 -10
6 11
6 -12
6 -17
6 -20
7 -3
7 -4
7 -6
7 -8
7 -9
7 -11
7 -15
7 -17
7 -20
8 -3
8 -4
8 -5
8 -6
8 -7
8 -11
8 -13
8 14
8 -16
8 17
8 -19
9 -1
9 -2
9 -3
9 -4
9 -5
9 -6
9 -7
9 -10
9 12
9 -15
9 -18
10 -1
10 -2
10 -4
10 -5
10 8
10 -12
10 -14
10 -16
11 -4
11 -5
11 -7
11 -12
11 -13
11 -16
11 -17
11 -18
11 -19
11 -20
12 -3
12 -4
12 -5
12 -7
12 -8
12 14
12 -17
12 -18
12 -20
13 -1
13 -4
13 -5
13 9
13 -12
13 -13
13 -20
14 -1
14 -3
14 -5
14 -7
14 8
14 10
14 -12
14 -14
14 -15
14 -17
14 -18
14 -19
15 -3
15 -7
15 -8
15 -10
15 -13
15 -14
15 17
16 -3
16 -4
16 -6
16 -7
16 -8
16 9
16 -10
16 12
16 -14
16 -16
16 -17
16 -20
17 1
17 -2
17 -5
17 8
17 -10
17 -12
17 -14
17 -15
18 -3
18 -4
18 -5
18 -6
18 -8
18 -10
18 -13
18 -14
18 -15
18 -16
18 -17
18 -18
19 -2
19 5
19 -8
19 -10
19 11
19 -12
19 -13
19 -14
19 -16
19 -17
20 -1
20 -4
20 7
20 -10
20 -12
20 -13
20 -14
20 -18
20 -19
20 -20
21 216
1 -3
1 -7
1 -8
1 -9
1 -13
1 -15
1 -16
1 -17
1 -21
2 -4
2 -6
2 -7
2 -8
2 -13
2 -14
2 -15
2 -19
3 -4
3 -6
3 -7
3 -9
3 12
3 -14
3 -16
3 -18
3 20
4 -3
4 5
4 -7
4 -8
4 -10
4 -11
4 16
4 18
5 -2
5 -3
5 -4
5 -5
5 -7
5 -11
5 -13
5 -15
5 -18
6 -3
6 -4
6 -5
6 -6
6 -8
6 -11
6 -12
6 -16
6 -17
6 -18
6 -20
6 -21
7 -2
7 -5
7 6
7 -7
7 -8
7 -9
7 -10
7 -14
7 -16
7 19
7 -21
8 1
8 -2
8 -3
8 -4
8 -5
8 7
8 -8
8 -10
8 -13
8 14
8 16
8 -18
8 -21
9 -2
9 -5
9 -7
9 -8
9 -9
9 -11
9 -13
9 -14
9 -16
9 -18
9 -20
10 -4
10 -5
10 -9
10 -10
10 -12
10 -14
10 -16
10 -18
10 -20
11 -3
11 -6
11 -7
11 -9
11 -15
11 -18
11 -21
12 -3
12 -4
12 -7
12 -8
12 -9
12 -10
12 -11
12 -12
12 -13
12 -14
12 -16
12 -18
12 -21
13 -2
13 -3
13 -4
13 -5
13 -6
13 -9
13 -10
13 -12
13 -13
13 -17
13 -19
14 -3
14 -5
14 -6
14 7
14 -8
14 9
14 -14
14 -15
14 -18
14 -19
14 -21
15 -1
15 -3
15 -4
15 -5
15 -6
15 7
15 8
15 -13
15 -14
15 -15
15 -17
15 -18
15 -19
15 -20
16 4
16 -5
16 -6
16 8
16 11
16 -13
16 -14
16 -19
16 -20
17 -1
17 -4
17 -5
17 -6
17 -7
17 -14
17 -16
17 -17
17 -18
17 -19
17 -20
18 -1
18 -2
18 7
18 -9
18 -11
18 12
18 -16
18 -17
18 -19
18 -20
18 -21
19 -2
19 -3
19 -4
19 9
19 -12
19 -13
19 -14
19 -15
19 -19
19 -20
19 -21
20 -1
20 -3
20 5
20 -6
20 -9
20 -11
20 -12
20 -17
20 -18
20 -19
21 -3
21 -5
21 -6
21 -8
21 -10
21 -11
21 -13
21 -16
21 -21
22 233
1 -5
1 -6
1 -9
1 -12
1 -13
1 -14
1 -15
1 -16
1 -19
1 -20
2 -1
2 -5
2 -6
2 -7
2 -10
2 -12
2 -16
2 -17
2 -18
2 -19
2 21
3 -5
3 -6
3 -8
3 -10
3 -11
3 -13
3 -14
3 -16
3 -19
3 -21
4 -1
4 -5
4 -6
4 -9
4 -10
4 11
4 13
4 -18
4 -19
4 -21
4 -22
5 -3
5 -4
5 7
5 -8
5 -10
5 -11
5 -12
5 -13
5 -21
6 -5
6 -7
6 -9
6 -10
6 -12
6 13
6 -16
6 -17
6 -20
6 -21
7 -3
7 -4
7 -5
7 -6
7 10
7 -11
7 -12
7 -13
7 -17
7 -18
7 -22
8 -2
8 -3
8 -4
8 -8
8 -11
8 -12
8 -15
8 -19
8 -22
9 -12
9 -17
9 -18
10 2
10 -4
10 -6
10 -7
10 -8
10 -10
10 12
10 -13
10 -17
10 -18
10 -19
10 -21
10 -22
11 -1
11 -3
11 -5
11 -8
11 -9
11 10
11 -12
11 -13
11 14
11 -15
11 -16
11 17
11 -18
11 -22
12 -7
12 -10
12 -13
12 -14
12 -16
12 -17
12 -18
12 -19
12 -20
12 -21
12 -22
13 -1
13 -2
13 -4
13 6
13 -7
13 -8
13 -9
13 10
13 -11
13 -12
13 14
13 15
13 -18
13 -19
13 -20
14 -1
14 -4
14 -5
14 -9
14 -10
14 -11
14 -13
14 -14
14 -17
14 -18
14 -21
14 -22
15 -3
15 -4
15 -8
15 -10
15 11
15 -12
15 -14
15 -15
15 -18
15 -20
15 -22
16 -1
16 -3
16 -5
16 -9
16 12
16 -13
16 -15
16 -16
16 -18
16 -20
16 -21
16 22
17 -1
17 -7
17 -9
17 -10
17 -11
17 -12
17 -13
17 20
17 -22
18 -2
18 -8
18 -9
18 -11
18 -14
18 -16
18 -18
18 -21
19 -1
19 -4
19 -7
19 -10
19 -11
19 -13
19 -14
19 -15
19 -18
19 -21
19 -22
20 -1
20 -2
20 -5
20 -6
20 -8
20 18
20 -19
21 -3
21 -4
21 -5
21 7
21 -8
21 9
21 -11
21 -12
21 -13
21 -14
21 -15
21 -17
21 -18
21 -20
21 21
21 -22
22 -1
22 -5
22 -9
22 -11
22 -12
22 13
22 -16
22 -17
22 -19
22 -20
23 285
1 -1
1 -2
1 -3
1 -4
1 -5
1 -6
1 -7
1 -8
1 -9
1 -10
1 -12
1 -15
1 -19
1 21
1 -22
1 -23
2 -1
2 2
2 -4
2 -7
2 -8
2 -9
2 -11
2 12
2 -13
2 14
2 -19
2 22
3 2
3 -5
3 -7
3 -12
3 -14
3 -15
3 -17
3 -22
4 -1
4 -2
4 -4
4 -5
4 6
4 -7
4 -8
4 -10
4 -11
4 -12
4 -18
4 20
4 21
4 -22
4 -23
5 -1
5 -2
5 -3
5 -7
5 -10
5 -11
5 12
5 -16
5 -17
5 -20
5 21
6 1
6 -4
6 -5
6 -6
6 -8
6 -9
6 -11
6 -12
6 -14
6 -16
6 -18
6 -20
7 -2
7 -3
7 -5
7 -7
7 8
7 -9
7 -13
7 15
7 -17
7 -19
7 -20
7 -22
8 -1
8 -2
8 -4
8 -6
8 -9
8 -12
8 -13
8 -14
8 -18
8 -20
8 -23
9 -2
9 -4
9 6
9 -12
9 -15
9 16
9 -18
9 -19
9 -20
9 21
9 -22
9 -23
10 -3
10 -5
10 -6
10 -7
10 -8
10 -9
10 -10
10 -11
10 12
10 -14
10 -15
10 -16
10 -21
11 -2
11 3
11 -4
11 -6
11 -9
11 -11
11 -13
11 -17
11 -19
11 -20
11 -23
12 -1
12 -4
12 -6
12 -7
12 -8
12 -10
12 -11
12 -12
12 -13
12 -14
12 -17
12 18
12 -20
12 21
12 -22
12 -23
13 -1
13 -2
13 3
13 -5
13 -6
13 -7
13 9
13 -10
13 -15
13 -16
13 17
13 19
13 -21
13 -22
13 -23
14 -2
14 -4
14 5
14 -6
14 -12
14 -13
14 -14
14 -16
14 17
14 -19
15 -1
15 -3
15 -5
15 -9
15 -10
15 -11
15 -12
15 -14
15 -16
16 -4
16 -5
16 -9
16 -13
16 -14
16 -15
16 -17
16 18
16 -21
17 -2
17 -6
17 -8
17 -9
17 -10
17 -11
17 -13
17 -14
17 -15
17 16
17 -17
17 -20
17 -21
17 -22
17 -23
18 -1
18 -3
18 -4
18 -7
18 -8
18 -9
18 -10
18 11
18 -13
18 -14
18 -15
18 -16
18 -17
18 -18
18 20
18 -21
18 -23
19 -2
19 -3
19 -4
19 -6
19 -7
19 -8
19 -13
19 -14
19 16
19 -17
19 -18
19 -21
20 5
20 6
20 -7
20 -14
20 -15
20 -19
20 -22
20 -23
21 -1
21 -2
21 -4
21 -5
21 -6
21 -7
21 -9
21 -10
21 -13
21 -16
21 -17
21 -18
21 -19
21 -20
21 -21
21 -22
22 -1
22 -2
22 -6
22 -8
22 -9
22 -12
22 -13
22 -15
22 -16
22 -17
22 -18
22 -21
22 -22
22 -23
23 -1
23 -8
23 -9
23 -10
23 12
23 -13
23 -15
23 -16
23 -17
23 -19
23 -21
24 290
1 -2
1 -4
1 -5
1 -7
1 10
1 -14
1 -17
1 -20
1 -21
1 -22
1 -24
2 2
2 -3
2 -12
2 -13
2 -15
2 -19
2 -22
2 -23
3 -1
3 -2
3 -3
3 -10
3 -12
3 -16
3 -19
3 -20
3 23
3 -24
4 -5
4 -6
4 -8
4 -13
4 -14
4 -16
4 -18
4 -20
4 -21
4 -22
4 -23
5 -1
5 -2
5 -3
5 -6
5 -7
5 -9
5 -11
5 -14
5 -19
5 -20
5 -22
5 -23
5 -24
6 -2
6 -10
6 -14
6 -16
6 -17
6 -19
6 22
7 4
7 -5
7 -6
7 -7
7 -8
7 -9
7 -10
7 -11
7 -13
7 -16
7 -19
7 -21
7 -24
8 -1
8 -3
8 -4
8 -8
8 -9
8 -10
8 -12
8 -14
8 -15
8 -17
8 -19
8 -20
8 -21
8 -24
9 -3
9 -5
9 -7
9 -8
9 -11
9 -13
9 -14
9 -16
9 -19
9 -21
9 22
9 23
9 -24
10 -1
10 -2
10 -4
10 -5
10 -8
10 -9
10 10
10 -12
10 -13
10 15
10 -17
10 -20
10 -23
11 -1
11 -2
11 -3
11 4
11 -5
11 -9
11 -10
11 -11
11 -15
11 -16
11 -18
11 -19
11 -21
12 -2
12 -4
12 -7
12 -9
12 -12
12 -14
12 -15
12 -17
13 -1
13 3
13 -6
13 -8
13 -9
13 -10
13 -13
13 -14
13 -15
13 16
13 -17
13 -19
13 -21
13 22
13 -24
14 -1
14 -4
14 -5
14 -6
14 -7
14 9
14 -10
14 -11
14 -12
14 -14
14 -17
14 -18
14 -19
14 -20
14 21
14 -22
14 -23
14 -24
15 1
15 2
15 -3
15 -5
15 -7
15 -8
15 -10
15 -11
15 -13
15 15
15 -16
15 -18
15 -19
15 24
16 -2
16 6
16 -7
16 8
16 -10
16 -14
16 -17
16 -18
16 -20
16 22
17 1
17 -4
17 -7
17 -8
17 -9
17 -10
17 -13
17 -14
17 -18
17 -19
17 -20
17 -23
18 -1
18 -2
18 5
18 -8
18 -9
18 -10
18 -14
18 -16
18 -18
18 -21
18 -24
19 -2
19 -3
19 -4
19 -5
19 -6
19 7
19 -8
19 -9
19 11
19 14
19 -15
19 -21
19 -24
20 -1
20 -4
20 -6
20 -7
20 -8
20 -9
20 -10
20 -11
20 -12
20 -14
20 -16
20 -18
20 21
21 5
21 -6
21 -10
21 -12
21 -17
21 -23
22 -1
22 -2
22 -3
22 -4
22 -5
22 -6
22 -8
22 -9
22 -11
22 -13
22 -14
22 -16
22 -17
22 -18
22 -20
22 -21
22 -22
22 -23
23 1
23 -2
23 -3
23 -5
23 -6
23 -7
23 -9
23 -10
23 -11
23 -12
23 -13
23 -15
23 -18
23 -19
23 -22
23 -23
23 -24
24 -2
24 -3
24 9
24 -10
24 -13
24 -15
24 -18
24 -19
24 -20
25 331
1 -3
1 -4
1 -5
1 -11
1 -13
1 -14
1 -16
1 -18
1 -19
1 -20
1 -21
1 -22
1 24
2 -2
2 -3
2 -6
2 7
2 -8
2 -11
2 12
2 -13
2 14
2 -15
2 -16
2 -18
2 -19
2 -20
2 -23
2 -24
3 -2
3 4
3 -5
3 9
3 -11
3 -13
3 -14
3 15
3 17
3 -19
3 -20
3 -21
3 -22
3 23
3 -24
3 -25
4 -2
4 -3
4 -4
4 -11
4 -12
4 -14
4 -16
4 18
4 -20
4 -25
5 -1
5 -8
5 -10
5 -11
5 -12
5 -17
5 -18
5 -20
5 -21
5 -23
5 -24
6 2
6 -3
6 4
6 -7
6 -8
6 10
6 -11
6 -12
6 -13
6 -15
6 -16
6 -18
6 -19
6 -20
6 -21
6 -22
6 -23
7 -1
7 -3
7 -4
7 -6
7 -7
7 -8
7 -10
7 -12
7 -13
7 -14
7 -15
7 -21
7 22
7 -23
8 -5
8 -6
8 -7
8 -8
8 -12
8 -15
8 16
8 -18
8 -19
8 -20
8 -21
8 -23
8 -24
9 -2
9 -3
9 -11
9 -12
9 -14
9 -16
9 18
9 -20
9 -21
9 -23
9 -24
10 -1
10 -3
10 -5
10 -6
10 -7
10 8
10 -10
10 -11
10 -12
10 -13
10 -17
10 -18
10 -19
10 -20
10 -22
10 -24
10 -25
11 -1
11 -2
11 -4
11 -6
11 -9
11 -11
11 -12
11 -14
11 -23
12 -2
12 -3
12 -4
12 -6
12 -7
12 -8
12 -10
12 -11
12 -12
12 -17
12 -18
12 19
12 -20
12 -22
12 23
13 -2
13 -5
13 -6
13 -7
13 -8
13 -9
13 -12
13 13
13 -14
13 -15
13 17
13 -25
14 2
14 -8
14 -12
14 13
14 -15
14 -17
14 -18
14 -19
14 -20
14 -21
14 -22
14 25
15 -4
15 5
15 -6
15 -9
15 -10
15 -13
15 -17
15 -18
15 -19
15 -20
15 -22
15 -25
16 -6
16 7
16 -10
16 -12
16 -13
16 -15
16 -17
16 -19
16 -22
16 -23
16 -24
16 25
17 -2
17 -3
17 -4
17 -6
17 -8
17 -9
17 -10
17 -14
17 -15
17 16
17 -17
17 -19
17 20
17 21
17 -22
18 -2
18 -4
18 -7
18 -9
18 -10
18 11
18 -14
18 -17
18 -20
18 -21
18 -22
18 23
18 -24
19 -6
19 -8
19 -11
19 -12
19 -13
19 -16
19 -18
19 19
19 -20
19 -22
19 -25
20 -2
20 -3
20 4
20 -5
20 -6
20 -10
20 -12
20 -13
20 -16
20 -17
20 -18
20 -20
20 -23
20 -25
21 -2
21 -3
21 -4
21 -6
21 7
21 -8
21 -9
21 10
21 -11
21 -12
21 -14
21 19
21 20
21 -21
21 -22
22 -5
22 -6
22 -7
22 -8
22 10
22 -14
22 -21
22 -22
22 -25
23 -1
23 -2
23 3
23 -4
23 -6
23 -8
23 -9
23 -10
23 -11
23 -12
23 -13
23 15
23 -16
23 -18
23 -20
23 -22
24 -2
24 -3
24 -4
24 -5
24 -9
24 -11
24 -12
24 -15
24 -18
24 -19
24 -20
24 -21
24 -23
24 -25
25 -1
25 -2
25 -6
25 -7
25 -9
25 -10
25 -11
25 -15
25 -17
25 -18
25 -20
25 -22
25 -23
25 25
26 337
1 -1
1 -3
1 -6
1 -7
1 -13
1 -14
1 -16
1 -17
1 -23
1 -24
1 -25
1 -26
2 1
2 -4
2 5
2 -7
2 -8
2 -12
2 -14
2 17
2 -19
2 -21
2 -24
2 -25
3 -1
3 -2
3 -3
3 -4
3 -5
3 -6
3 -8
3 -9
3 -15
3 -18
3 -19
3 22
3 -23
3 -25
3 -26
4 -1
4 -3
4 -4
4 -5
4 -6
4 -9
4 -10
4 11
4 -12
4 -18
4 -21
4 -22
4 -24
4 -25
5 -11
5 -12
5 -13
5 -15
5 -20
5 -21
5 -23
5 -24
5 -26
6 -3
6 -4
6 -8
6 -10
6 -11
6 -15
6 -16
6 -18
6 -19
6 21
6 -25
6 -26
7 -5
7 -6
7 -7
7 -8
7 -12
7 -20
7 -23
7 -24
8 1
8 -2
8 -5
8 -8
8 -9
8 -11
8 -13
8 -14
8 -16
8 -18
8 -20
8 21
8 -24
8 -25
8 -26
9 1
9 -3
9 -4
9 -7
9 -10
9 -11
9 -13
9 -15
9 -16
9 -17
9 -21
9 -24
10 -2
10 -4
10 -5
10 -7
10 -11
10 12
10 -13
10 -16
10 -19
10 21
10 -23
11 -2
11 -5
11 -6
11 7
11 11
11 -12
11 -13
11 21
11 -23
11 -24
12 -1
12 -2
12 -3
12 -4
12 -5
12 -7
12 8
12 -10
12 -12
12 -14
12 18
12 -19
12 -20
12 -23
12 -26
13 -1
13 -3
13 -4
13 5
13 -6
13 7
13 -9
13 -10
13 -11
13 -12
13 -21
13 -23
13 -24
13 -26
14 -3
14 5
14 -6
14 -7
14 -8
14 -14
14 15
14 -16
14 -18
14 -19
14 -20
14 -21
14 -22
14 -24
15 2
15 -3
15 -4
15 -5
15 8
15 -10
15 -11
15 -14
15 -15
15 -16
15 -17
15 -19
15 -20
15 -21
15 -22
15 -23
15 -24
16 -2
16 -5
16 -7
16 -8
16 -9
16 -12
16 -14
16 -17
16 -18
16 -20
16 -21
16 -24
16 -25
16 -26
17 -2
17 -5
17 -6
17 8
17 -10
17 -12
17 -13
17 -16
17 -18
17 -20
17 -22
17 -25
17 -26
18 -1
18 -2
18 -5
18 -11
18 13
18 -16
18 -18
18 -20
18 -22
18 -24
18 -26
19 -1
19 -3
19 7
19 -14
19 -16
19 -17
19 -18
19 -20
19 -23
19 -24
20 -1
20 -2
20 -3
20 -5
20 -6
20 -8
20 -10
20 -13
20 -15
20 -16
20 -18
20 22
20 -24
20 -25
20 -26
21 -1
21 -3
21 4
21 -6
21 -7
21 8
21 -9
21 -11
21 -12
21 -13
21 -14
21 -15
21 -16
21 -23
21 -26
22 1
22 -4
22 -7
22 -8
22 -11
22 -13
22 -14
22 -16
22 -17
22 -21
23 -2
23 -3
23 -5
23 11
23 -13
23 -15
23 17
23 -19
23 -20
23 -21
23 -22
23 -25
23 -26
24 -3
24 -5
24 -6
24 -7
24 -8
24 -9
24 -10
24 -11
24 -12
24 -14
24 -15
24 -17
24 -18
24 19
24 -20
24 -21
24 -24
24 25
25 -2
25 -4
25 -5
25 -7
25 -9
25 -10
25 -12
25 16
25 -18
25 -20
25 -22
25 -24
25 -26
26 -1
26 -3
26 -4
26 -7
26 -13
26 -15
26 -16
26 -17
26 -18
26 -19
26 -20
26 -21
26 -22
26 -25
26 26
27 355
1 -2
1 -3
1 -6
1 -8
1 -10
1 -11
1 -12
1 -13
1 -15
1 -17
1 -18
1 -19
1 20
1 -21
1 -23
1 -24
1 -26
2 -3
2 -4
2 -5
2 -7
2 -11
2 -14
2 -15
2 -19
2 -20
2 -23
2 -25
2 -27
3 -1
3 -3
3 -6
3 -8
3 -9
3 -10
3 -12
3 -13
3 -14
3 -15
3 -17
3 -18
3 -19
3 -22
3 -23
3 -25
4 -1
4 -3
4 -6
4 -7
4 -14
4 -15
4 -16
4 18
4 -19
4 -21
4 -25
4 -27
5 -3
5 -6
5 -9
5 -14
5 -18
5 -19
5 -20
5 -21
5 -22
5 -25
5 -27
6 -4
6 -5
6 -6
6 -7
6 -9
6 -12
6 -13
6 17
6 -20
6 -21
6 -23
6 -24
6 26
7 2
7 -3
7 -4
7 -5
7 -7
7 -8
7 -9
7 -11
7 13
7 -15
7 -17
7 -18
7 -19
7 -20
7 -21
7 -23
7 -25
7 -26
8 -2
8 -3
8 -6
8 -9
8 -12
8 -13
8 -15
8 -18
8 -23
8 -24
8 -26
9 -2
9 -3
9 -5
9 -11
9 13
9 -14
9 -15
9 17
9 -18
9 21
9 -22
9 -23
9 -24
9 -25
10 -1
10 -4
10 -6
10 -9
10 -11
10 -12
10 -13
10 -14
10 -15
10 16
10 -20
10 -21
10 22
10 -24
10 -25
10 -27
11 -1
11 -7
11 -10
11 11
11 -15
11 16
11 -18
11 -20
11 -21
11 -22
11 -23
11 -25
11 -26
12 -1
12 -2
12 -3
12 -5
12 -6
12 -10
12 -11
12 13
12 -18
12 -20
12 21
12 -23
12 -24
12 -27
13 -1
13 -6
13 -7
13 -8
13 -10
13 -11
13 -12
13 -14
13 -15
13 -16
13 -18
13 19
13 -21
13 -26
13 -27
14 1
14 -2
14 -4
14 -6
14 -8
14 -10
14 -14
14 -20
14 -23
14 -24
15 -3
15 8
15 -15
15 18
15 -24
15 -26
15 -27
16 -3
16 -5
16 -6
16 -7
16 -10
16 -11
16 -12
16 -22
16 -25
16 -26
16 -27
17 -1
17 -2
17 -6
17 -9
17 -10
17 -11
17 -13
17 -14
17 15
17 -16
17 -17
17 -22
17 -23
17 24
17 -25
17 -27
18 -2
18 -4
18 -5
18 -6
18 -9
18 -12
18 -15
18 -16
18 19
18 -20
18 -21
18 -22
18 -24
18 -25
18 -26
18 -27
19 -3
19 -5
19 -12
19 14
19 -15
19 -22
19 -25
19 -26
19 -27
20 -1
20 -4
20 -5
20 6
20 -7
20 -8
20 -10
20 -12
20 -13
20 -14
20 -16
20 -21
20 -23
20 -25
20 -27
21 -5
21 6
21 -13
21 -17
21 -18
21 -19
21 -21
21 -24
21 -27
22 1
22 -3
22 -6
22 -7
22 -9
22 -10
22 -17
22 -22
22 -23
22 -24
22 -26
22 -27
23 -1
23 -6
23 -11
23 -12
23 -13
23 -14
23 -15
23 -16
23 17
23 -18
23 19
23 -23
23 -24
23 -25
23 -26
24 -1
24 -6
24 -7
24 8
24 -10
24 -14
24 -23
24 24
25 -2
25 -7
25 -9
25 -12
25 14
25 -15
25 -19
25 -22
25 -24
25 -25
25 -26
25 -27
26 -1
26 -2
26 3
26 -4
26 -5
26 -6
26 -7
26 -8
26 -10
26 -11
26 -14
26 -16
26 -17
26 -18
26 19
26 -21
26 -22
26 -24
26 -25
26 -26
26 -27
27 3
27 -5
27 -6
27 -8
27 -11
27 -14
27 -18
27 -19
27 -21
27 22
27 -25
27 -27
28 390
1 -2
1 -6
1 -7
1 -8
1 -9
1 -13
1 -18
1 -20
1 -24
1 -25
1 -26
2 -1
2 -3
2 -4
2 -5
2 7
2 -10
2 -11
2 -12
2 -14
2 -15
2 -16
2 -18
2 -19
2 22
2 -23
2 26
2 -27
2 -28
3 -1
3 -2
3 -5
3 -7
3 -8
3 -9
3 -10
3 -14
3 -18
3 -19
3 -22
3 -27
3 -28
4 -2
4 -4
4 -6
4 -8
4 -9
4 -10
4 -12
4 -13
4 -14
4 -16
4 -19
4 20
4 -21
4 -23
4 -24
4 -25
4 -26
4 -27
4 -28
5 2
5 -4
5 -6
5 7
5 -8
5 -9
5 -10
5 -12
5 -14
5 -15
5 -17
5 -19
5 -20
5 -21
5 -22
5 -23
5 -25
5 -27
5 -28
6 -1
6 -3
6 6
6 -9
6 -12
6 -14
6 -15
6 -18
6 -19
6 -23
6 -28
7 -2
7 -4
7 -7
7 -8
7 -11
7 -12
7 -14
7 15
7 -16
7 -17
7 -19
7 22
7 -23
7 -24
7 -26
8 -3
8 -4
8 -5
8 -6
8 -7
8 -8
8 -9
8 -13
8 -14
8 -15
8 -19
8 -21
8 -22
8 25
8 -27
9 -2
9 3
9 -5
9 -6
9 -7
9 -9
9 -10
9 -11
9 -12
9 -13
9 -14
9 -16
9 -18
9 -21
9 -25
9 -27
9 -28
10 -6
10 -9
10 14
10 -18
10 -19
10 -20
10 -21
10 -23
10 -25
11 -1
11 2
11 3
11 -4
11 -8
11 -9
11 -10
11 -14
11 -16
11 -20
11 -21
11 -22
11 -23
11 -24
11 -27
11 28
12 -2
12 -4
12 -6
12 -10
12 -12
12 -13
12 -19
12 -20
12 -21
12 -22
12 -23
12 -26
12 -27
12 -28
13 -3
13 -4
13 -5
13 -6
13 8
13 -9
13 -11
13 -12
13 -14
13 -15
13 -16
13 -19
13 -22
13 -23
13 -24
13 -25
13 -26
13 -28
14 -2
14 -4
14 -8
14 -16
14 -18
14 -19
14 -20
14 -21
14 -23
14 -24
14 -27
15 -1
15 -2
15 -3
15 -4
15 -5
15 -7
15 -8
15 10
15 -14
15 -15
15 -21
15 -26
15 27
15 -28
16 -1
16 -3
16 -4
16 -6
16 9
16 -14
16 -17
16 21
17 -1
17 -8
17 -14
17 -15
17 -17
17 -23
17 24
17 -25
17 -28
18 -3
18 -4
18 -6
18 -9
18 -10
18 -11
18 -12
18 13
18 -14
18 -15
18 -16
18 -18
18 -19
18 20
18 -22
18 -25
18 27
18 -28
19 -1
19 2
19 -4
19 -5
19 -6
19 -7
19 -8
19 -10
19 -12
19 -13
19 15
19 -16
19 -19
19 -23
19 -26
19 -27
20 1
20 -3
20 -5
20 -6
20 -7
20 -11
20 25
20 -28
21 -1
21 -3
21 -4
21 5
21 -7
21 -13
21 -18
21 -19
21 -23
21 -26
22 -1
22 -2
22 -5
22 -6
22 -7
22 -13
22 -15
22 -16
22 -20
22 -22
22 -23
22 -24
22 -26
22 -27
22 -28
23 -1
23 -3
23 -4
23 -5
23 -7
23 -8
23 -12
23 -13
23 15
23 -21
23 -22
23 -23
23 -24
23 25
23 -26
23 -28
24 -3
24 -5
24 7
24 -10
24 -11
24 -13
24 -22
24 24
25 -1
25 2
25 -3
25 -5
25 -7
25 -8
25 -12
25 -13
25 -15
25 -16
25 -18
25 -22
25 -24
25 25
25 -27
26 -4
26 -5
26 -7
26 8
26 13
26 15
26 -16
26 -17
26 -18
26 -19
26 -21
26 -23
26 -25
26 28
27 -6
27 -7
27 -8
27 -10
27 -11
27 -13
27 -15
27 -17
27 -19
27 20
27 -23
27 -24
27 25
28 -1
28 -3
28 -4
28 -5
28 -6
28 -9
28 10
28 -13
28 -14
28 -15
28 -16
28 17
28 -18
28 -20
28 -21
28 -22
28 -23
28 -24
28 -26
28 -27
29 442
1 -2
1 -3
1 -7
1 -8
1 9
1 -11
1 -12
1 13
1 15
1 -17
1 -18
1 -20
1 -21
1 -22
1 -23
1 -24
1 -27
1 -29
2 -1
2 -3
2 -4
2 -5
2 -7
2 -9
2 -10
2 -13
2 -15
2 -16
2 -19
2 -20
2 -21
2 -27
2 -29
3 -1
3 -3
3 -8
3 -9
3 -12
3 -16
3 -17
3 -18
3 -19
3 -20
3 -23
3 -25
3 -27
3 -28
3 -29
4 -3
4 -5
4 -7
4 -8
4 -11
4 -15
4 -17
4 -18
4 -20
4 -22
4 -23
4 -28
4 -29
5 -1
5 -2
5 -4
5 -5
5 -8
5 -9
5 10
5 -11
5 -15
5 -17
5 -21
5 -22
5 -24
5 -25
5 -26
5 28
6 -1
6 -3
6 5
6 -6
6 -7
6 -9
6 -10
6 -11
6 -12
6 -14
6 -18
6 21
6 -22
6 -23
6 -24
6 -25
6 -28
6 -29
7 -1
7 -3
7 -5
7 6
7 7
7 -8
7 -11
7 -12
7 -13
7 -14
7 -15
7 17
7 -18
7 -19
7 -21
7 -22
7 23
7 -24
7 -25
8 -2
8 -3
8 -4
8 5
8 -9
8 -10
8 -13
8 -15
8 -16
8 -18
8 -19
8 -20
8 -22
8 -23
8 -24
8 -26
8 -27
8 -29
9 -3
9 -4
9 -5
9 -6
9 -8
9 9
9 -10
9 -11
9 -13
9 -15
9 -16
9 -17
9 -18
9 19
9 -22
9 -24
9 -25
9 -29
10 -1
10 -4
10 -5
10 -6
10 10
10 17
10 -18
10 -19
10 -20
10 -21
10 23
10 -26
10 27
11 2
11 -3
11 -6
11 -8
11 -9
11 -16
11 -20
11 -21
11 -24
11 -25
11 -26
11 28
11 -29
12 -1
12 -2
12 -9
12 -10
12 11
12 -12
12 -19
12 -21
12 -22
12 -26
12 -27
13 -1
13 -2
13 -4
13 -7
13 -8
13 -11
13 -14
13 -15
13 16
13 -17
13 -18
13 -19
13 -20
13 -21
13 -24
13 -25
13 -29
14 -3
14 -8
14 -10
14 12
14 -13
14 -14
14 -15
14 -17
14 -19
14 -24
14 -25
14 -26
14 -27
14 -29
15 -5
15 7
15 8
15 10
15 -11
15 -14
15 16
15 -19
15 -21
15 22
15 -23
15 -26
15 28
15 -29
16 -1
16 -2
16 -4
16 -5
16 -6
16 -7
16 -9
16 -11
16 -12
16 -15
16 -16
16 -20
16 -23
16 -24
16 -26
16 -28
16 -29
17 -2
17 -6
17 -9
17 -11
17 12
17 -15
17 18
17 -19
17 -20
17 -22
17 -25
18 -1
18 -2
18 -4
18 -6
18 9
18 -13
18 -15
18 -18
18 -19
18 -20
18 -21
18 -23
18 -25
18 -28
18 -29
19 -7
19 -8
19 -9
19 -10
19 -11
19 -13
19 -16
19 -18
19 -20
19 -22
19 -23
19 -24
19 -25
19 -28
20 -1
20 -2
20 -5
20 -6
20 -8
20 -11
20 12
20 13
20 -16
20 18
20 -19
20 -20
20 -23
20 -24
20 -26
20 27
20 -28
21 4
21 6
21 -9
21 -14
21 -17
21 -19
21 -21
21 -22
21 -23
21 -25
21 -26
21 -28
22 -1
22 -2
22 -3
22 -4
22 -6
22 -8
22 -9
22 -10
22 13
22 -15
22 -18
22 -19
22 -20
22 -21
22 -22
22 -25
22 -26
22 -28
23 -1
23 -2
23 -4
23 -9
23 -10
23 -14
23 15
23 -23
23 -24
23 -27
23 -29
24 -1
24 -2
24 -4
24 6
24 -7
24 8
24 -10
24 -11
24 -13
24 -16
24 -20
24 -21
24 -22
24 23
24 24
24 -26
24 -28
24 -29
25 -2
25 -3
25 -7
25 -8
25 -9
25 -10
25 -15
25 -16
25 -17
25 -19
25 -22
25 -23
25 24
25 -25
25 -27
25 -28
25 -29
26 -4
26 -5
26 -10
26 -12
26 -15
26 -18
26 -27
27 -1
27 2
27 -5
27 -6
27 7
27 -8
27 -10
27 -11
27 -12
27 -13
27 -15
27 -17
27 -18
27 -19
27 -22
27 -24
27 -26
27 -27
28 -1
28 -2
28 5
28 -6
28 -7
28 -8
28 -10
28 -11
28 12
28 -14
28 -15
28 -16
28 -19
28 20
28 -21
28 24
28 -25
28 -28
28 -29
29 -3
29 -5
29 -6
29 -9
29 -11
29 12
29 -14
29 -15
29 -16
29 -17
29 -18
29 20
29 -23
29 -26
29 -27
29 -28
30 453
1 -1
1 -2
1 -3
1 -4
1 -5
1 -6
1 -7
1 -8
1 -10
1 -12
1 -13
1 -16
1 -17
1 -19
1 -21
1 -26
1 -28
1 -29
1 -30
2 -5
2 -7
2 -8
2 -9
2 10
2 -21
2 -22
2 -25
2 -26
2 -28
2 -29
2 -30
3 -3
3 -7
3 10
3 -11
3 -13
3 14
3 -16
3 -17
3 -18
3 -20
3 -23
3 -24
3 -29
3 -30
4 -5
4 6
4 -8
4 9
4 -10
4 -12
4 14
4 -16
4 -17
4 -21
4 -23
4 -26
4 -28
4 -29
4 30
5 -9
5 10
5 -11
5 -12
5 -13
5 -15
5 -16
5 -18
5 -19
5 -20
5 -22
5 -23
5 -25
5 -27
5 -28
6 -2
6 -6
6 -7
6 -9
6 -10
6 -11
6 -12
6 13
6 -14
6 -16
6 -17
6 -18
6 -19
6 -20
6 -22
6 -23
6 -28
6 -29
6 -30
7 3
7 -4
7 -7
7 -8
7 -9
7 -11
7 -14
7 -15
7 -18
7 19
7 -23
7 28
7 -29
7 -30
8 -4
8 -6
8 -12
8 -13
8 -15
8 18
8 -19
8 -20
8 -21
8 -23
8 -26
8 -29
8 -30
9 -1
9 -2
9 -3
9 -5
9 8
9 -12
9 -13
9 -16
9 -17
9 18
9 19
9 -20
9 -22
9 -23
9 -30
10 -1
10 -2
10 -4
10 -6
10 -7
10 -10
10 -15
10 -16
10 -17
10 -19
10 -21
10 -22
10 -23
10 -25
10 -28
10 -29
10 30
11 -2
11 -3
11 5
11 7
11 9
11 -10
11 -11
11 -15
11 -16
11 -18
11 -20
11 -25
11 -26
11 -27
11 -28
12 -2
12 -8
12 9
12 -12
12 -14
12 -16
12 -17
12 -19
12 24
12 -25
12 27
12 -28
12 -30
13 1
13 -3
13 -5
13 -6
13 -11
13 -12
13 -13
13 -16
13 -19
13 -20
13 22
13 -24
13 -27
13 -28
13 -29
14 -2
14 -5
14 -7
14 -10
14 -13
14 -15
14 -16
14 -19
14 -21
14 -23
14 -25
14 -28
14 -29
15 -6
15 7
15 -9
15 -14
15 -20
15 -21
15 -23
15 -25
15 -26
15 -27
15 -29
15 -30
16 -3
16 -6
16 -7
16 -12
16 -15
16 -16
16 -19
16 20
16 -21
16 -25
16 -26
16 -27
17 -1
17 -6
17 -9
17 -15
17 -19
17 -20
17 -23
17 26
17 -27
17 -30
18 -1
18 6
18 -7
18 -9
18 -11
18 -14
18 -15
18 17
18 -19
18 -20
18 -21
18 -25
18 -29
19 -1
19 -2
19 -3
19 -5
19 -6
19 -7
19 -8
19 -9
19 -11
19 -12
19 -13
19 -14
19 -15
19 -16
19 -18
19 -19
19 20
19 -21
19 -25
19 -27
19 -30
20 -2
20 -4
20 -5
20 -8
20 -9
20 -12
20 -15
20 -16
20 -17
20 -18
20 -19
20 -20
20 -22
20 -24
20 -25
20 -27
20 -29
21 -1
21 4
21 -7
21 -8
21 -9
21 -14
21 17
21 -19
21 20
21 -21
21 -24
21 -26
21 -27
21 -28
21 -30
22 -3
22 -5
22 -7
22 -8
22 -9
22 -10
22 -12
22 -13
22 -15
22 -16
22 -19
22 -21
22 -23
22 -25
22 26
22 -27
22 -29
22 -30
23 -1
23 -3
23 4
23 6
23 -7
23 -10
23 11
23 -13
23 -15
23 -16
23 -20
23 -21
23 -25
23 -26
23 -29
23 -30
24 -1
24 -2
24 -3
24 -6
24 -19
24 -22
24 -23
24 -24
24 -26
24 -28
24 -29
25 2
25 -3
25 -4
25 -6
25 -10
25 -14
25 -15
25 17
25 -18
25 -20
25 -21
25 -22
25 -23
25 -24
25 -27
25 -29
25 -30
26 1
26 -2
26 -6
26 -7
26 -9
26 -12
26 -13
26 -14
26 -18
26 -19
26 -23
26 26
26 -27
26 28
26 -29
26 -30
27 -1
27 -2
27 -4
27 -5
27 6
27 -9
27 11
27 -13
27 -14
27 -16
27 18
27 19
27 -20
27 -22
27 -23
27 -27
27 -28
27 -29
28 -1
28 -2
28 -5
28 -7
28 -8
28 -9
28 -11
28 -15
28 -17
28 18
28 20
28 -24
28 27
28 -30
29 -1
29 -2
29 -4
29 -7
29 -8
29 -10
29 -11
29 -12
29 -16
29 -17
29 -18
29 -20
29 -21
29 -22
29 -23
29 24
29 -27
29 -29
29 -30
30 -2
30 -7
30 -8
30 -11
30 -14
30 -15
30 -16
30 -17
30 -18
30 -23
30 24
30 -26
30 -27
30 -28
30 -29
0 0 
