1 0
2 0
3 0
4 3
2 -4
3 -4
4 -4
5 1
1 -3
6 3
1 -1
3 -4
4 -3
7 3
1 -1
4 -2
5 -7
8 6
1 -1
2 -5
2 -6
3 3
6 -4
7 -8
9 7
1 -5
5 -5
6 -2
6 -5
7 2
8 -1
8 7
10 7
1 4
1 8
3 3
6 1
6 -5
8 -8
9 -8
11 8
2 -4
4 7
5 7
5 -8
5 -10
6 -6
7 5
8 9
12 12
2 1
2 -4
2 -6
2 -7
3 -3
4 7
5 11
6 -4
6 -8
8 -12
9 -11
11 6
13 18
1 -2
1 -4
2 -1
3 -4
3 -8
4 8
4 11
6 -10
9 -2
11 -1
11 5
11 -11
12 -6
12 -11
13 -3
13 6
13 12
13 -13
14 21
1 -4
1 9
2 -12
3 12
3 -13
3 -14
4 -1
4 -5
4 -11
4 13
7 5
7 -7
8 -5
9 -2
10 -14
11 -5
11 -9
12 -9
12 -11
14 -7
14 9
15 24
1 -2
1 -12
2 -2
3 -13
4 -4
4 14
5 -6
7 5
7 -7
7 -15
8 -14
8 -15
9 -13
11 2
13 -5
13 11
13 -12
14 -1
14 12
14 -13
14 -14
15 -7
15 -12
15 -13
16 25
3 -3
4 -12
5 -8
5 -12
5 -14
5 -16
6 3
6 -6
7 7
7 10
7 -11
8 -7
8 -13
9 -8
10 -5
11 -2
12 -4
12 9
12 11
14 -7
14 -13
15 5
15 -10
15 -15
16 8
17 28
2 -11
3 8
3 10
3 -17
4 -2
4 -3
4 16
4 17
6 -7
7 -10
7 -14
7 -17
8 -13
8 -16
9 -7
9 -17
10 -5
10 16
11 -3
11 -6
11 -13
11 14
13 -4
14 -15
16 1
16 3
16 -9
17 -4
18 32
1 12
1 -14
1 -15
2 5
2 -16
3 16
4 -3
4 -6
4 -8
4 -9
6 -9
6 -17
8 -9
9 6
9 -10
9 -12
10 -4
10 -14
11 11
11 -13
13 -7
13 -13
14 -5
14 -7
14 -14
16 -3
16 -18
17 -4
17 -6
17 -11
17 -12
18 17
19 43
1 -9
2 -3
2 5
3 -2
3 8
3 -19
4 1
4 -7
4 -10
5 -3
5 4
5 -7
5 -11
5 -14
5 15
6 -12
6 15
6 18
8 -6
8 -7
8 -10
9 -1
9 5
9 -7
11 -1
11 -15
12 6
12 -7
13 -14
14 -4
14 6
14 -7
15 -2
15 -9
15 -17
16 12
17 9
17 -12
17 17
18 11
18 -18
19 11
19 15
20 34
1 -8
1 -19
2 1
2 -8
2 -16
3 7
3 -12
4 12
6 6
6 -11
6 -19
8 -12
9 -12
9 -16
10 -3
10 -4
10 14
10 18
11 -6
11 -17
12 14
13 9
13 -14
13 -15
14 -10
14 17
15 -8
16 10
17 -11
18 -20
19 -4
19 -5
19 10
19 15
21 41
1 -19
1 20
2 -2
3 14
4 -4
5 -4
5 -10
6 -14
6 -21
7 1
7 2
7 -12
7 -21
8 -3
8 -5
8 -10
8 -12
9 -6
9 -18
10 -6
11 -17
12 -1
12 -3
12 -11
12 -17
13 16
13 17
13 21
14 20
15 2
15 -6
15 -7
15 -12
17 -3
17 -21
18 -6
18 -16
19 11
19 14
20 -4
21 -2
22 53
1 6
2 -5
2 6
2 -19
2 -20
3 -10
3 -22
4 17
4 -21
4 -22
5 -4
5 -13
5 -19
5 -21
6 -8
6 -21
8 -2
8 11
8 -17
8 -18
9 -2
9 -5
9 -8
10 1
10 -3
10 -8
10 9
10 -10
10 -11
10 17
11 -1
11 -8
12 -1
12 -2
12 -5
12 -8
14 -1
15 -11
15 -17
15 -20
15 -21
16 16
17 -3
17 -10
17 -20
17 21
18 3
18 -13
19 -16
21 -4
21 7
22 -1
22 -20
23 52
1 -12
1 -14
1 16
2 -22
4 -12
5 -2
6 -10
7 -1
7 7
7 -14
8 -1
8 -2
8 -6
8 7
9 -20
10 -16
10 19
11 -1
11 2
11 -8
12 4
12 10
12 -12
13 -8
13 9
13 -12
13 -15
14 -6
14 -15
14 -17
15 -9
15 -18
15 -21
16 -6
16 -20
16 -21
17 10
18 -7
19 -4
19 -11
19 -19
20 -2
20 19
21 -1
21 -4
21 17
21 -22
22 -3
22 -7
22 -18
22 -19
23 -2
24 58
3 1
3 -3
3 -5
3 6
3 -7
3 13
4 -12
4 -17
5 -3
5 7
5 -9
6 -1
6 -4
6 -24
7 -4
7 -7
7 -11
7 21
8 -10
8 16
8 17
8 20
9 -1
9 8
9 -20
9 -21
10 -7
10 11
10 12
10 17
10 18
10 -22
11 -11
11 -14
12 -3
12 -11
13 -5
13 -15
13 19
13 -24
15 20
15 -24
16 -2
16 11
17 2
17 -21
18 16
19 -6
19 13
20 7
20 17
20 -21
21 -6
21 -7
22 -3
22 -4
23 -23
24 -14
25 59
1 -9
1 -17
1 -20
1 -25
2 -5
2 -17
2 19
2 20
3 -4
3 -8
3 16
3 18
5 -11
5 -13
5 -15
6 -15
6 -16
6 -17
7 -10
7 -19
8 -1
8 -4
8 -7
8 -12
8 23
9 -17
10 -4
10 -25
11 2
12 -2
12 -16
13 -12
14 -3
15 -19
15 22
16 -5
16 12
16 -15
17 -17
17 19
17 -22
18 13
20 3
20 -4
20 20
21 2
21 9
22 -5
22 8
22 -9
22 13
23 -5
23 13
23 -21
23 -24
24 -8
24 -15
24 18
25 6
26 66
1 5
1 -9
1 -17
1 -24
2 -3
2 -5
2 -10
2 -18
2 23
3 -21
4 -13
4 -23
5 -2
5 -9
5 -20
6 -2
6 -16
7 -14
9 7
9 9
10 -18
11 5
11 -9
11 -11
11 13
11 -24
11 26
12 -16
12 26
13 -15
13 -26
14 3
14 8
14 -16
14 -19
15 18
15 -19
15 -24
16 23
17 -6
17 -18
17 22
17 -24
18 -2
18 22
19 -8
19 -21
20 -1
20 -15
21 -2
21 -20
22 6
22 -14
22 25
23 1
23 -6
23 15
24 -2
24 -3
24 -5
25 -6
25 -20
25 23
26 -1
26 -10
26 -18
27 65
1 -2
1 -23
2 -21
2 -23
2 25
3 5
3 10
3 -13
3 -17
4 3
4 -10
4 -23
5 -23
5 -24
6 -26
7 -13
7 -19
8 2
8 -8
8 -12
9 -15
9 -26
10 -3
10 -10
11 -9
12 5
14 -15
14 -19
15 6
16 20
16 -21
17 -17
18 -4
18 -11
18 19
18 -23
19 -17
19 -23
19 27
20 7
20 -9
20 -13
20 -16
20 -17
20 -19
20 -27
22 5
22 -17
23 -9
23 -26
24 -3
24 -10
25 -11
25 16
25 17
25 24
25 -25
26 14
26 -19
26 21
26 23
27 -7
27 -8
27 16
27 -27
28 86
1 -10
1 -22
2 11
2 -18
2 -27
3 -24
3 27
3 -28
4 -15
4 20
4 -24
5 -5
5 -15
5 23
5 -24
5 -25
6 -26
6 -27
7 -28
8 -4
8 -13
8 -25
9 -9
9 -28
10 -15
10 -22
10 23
10 -27
11 -5
11 15
11 -22
11 -26
12 -12
12 -25
13 4
13 16
13 -20
13 21
14 8
14 -15
14 -24
15 -3
15 -6
15 11
15 -13
15 -14
15 -21
16 2
16 -11
16 -15
16 -26
17 -1
17 -6
17 -24
18 -2
18 -13
19 -12
19 -14
19 -18
19 19
19 -21
20 -25
20 28
21 20
21 25
21 -28
22 27
23 -7
23 8
23 -16
23 -17
25 -2
25 -10
25 12
25 23
26 -3
26 -4
26 -10
26 -13
26 -14
26 -18
26 -27
27 -9
28 -3
28 4
28 10
29 66
1 -6
1 -8
1 -9
1 18
2 8
3 -6
3 -13
4 -3
4 -12
4 15
4 -21
5 4
6 6
6 -28
7 -21
8 -3
8 -9
8 23
8 29
9 14
9 25
10 -12
10 -15
11 -4
11 -18
12 -3
12 -23
13 12
13 -22
13 -23
14 -9
14 13
14 20
14 -29
15 -14
15 -21
16 -1
16 2
16 4
16 -29
17 -5
18 -14
18 -18
18 -19
18 20
18 -23
19 4
19 -17
20 2
20 -3
21 -1
21 14
21 -15
22 21
23 -6
23 -13
24 -20
25 13
25 -17
25 -24
26 -4
26 -29
27 -9
27 -13
28 8
29 15
30 95
1 -10
1 -14
1 -15
1 29
2 3
2 -13
2 -17
2 -20
2 -27
3 -4
3 -7
3 8
3 -10
4 -17
4 -18
4 -29
5 -11
6 -24
7 -5
7 16
7 -19
8 6
8 -18
8 -21
9 -30
10 -8
10 -9
10 -13
10 22
10 -26
11 6
11 -10
11 -11
11 -16
11 28
12 -1
12 -3
12 -14
12 -29
13 25
13 -26
13 -29
14 -16
14 -27
15 -5
15 16
15 -22
16 -15
16 -26
16 -29
18 9
18 12
18 -13
18 -23
18 -24
18 -26
20 -8
20 -18
21 -3
21 -8
21 10
21 -13
21 -14
21 -26
22 -1
22 4
22 -17
23 12
23 24
24 -1
24 2
24 -29
25 -3
25 -4
25 14
25 -19
26 -5
26 -11
26 -22
26 -28
27 -28
27 30
28 -5
28 -6
28 -13
28 -23
28 27
29 -1
29 2
29 -18
29 -26
30 -5
30 9
30 20
30 -24
0 0 
