1 0
2 1
1 1
3 0
4 1
1 3
5 1
1 3
6 3
1 5
3 4
4 1
7 2
3 1
7 5
8 6
1 3
1 4
3 1
4 3
6 2
8 1
9 5
1 1
2 1
3 7
4 5
5 3
10 9
1 6
6 8
7 10
8 1
8 5
8 7
10 3
10 6
10 10
11 12
2 6
3 8
4 7
4 11
5 10
6 11
7 4
8 1
8 7
8 10
9 5
10 7
12 21
1 10
2 4
3 1
3 6
3 9
4 2
4 10
5 1
5 2
5 10
7 4
7 10
8 7
9 11
10 10
10 11
11 8
11 9
12 4
12 6
12 12
13 19
1 8
1 10
2 4
2 8
2 10
3 3
3 7
5 6
5 13
8 2
9 5
10 3
10 6
11 3
11 5
11 9
12 2
13 6
13 8
14 22
1 11
2 11
4 2
4 6
5 3
5 9
5 13
5 14
6 7
6 11
7 3
7 12
8 4
8 9
9 5
10 4
10 8
10 10
11 2
13 14
14 8
14 13
15 24
1 7
1 12
1 13
4 1
4 3
4 5
5 2
5 10
5 14
6 9
7 9
7 15
8 14
8 15
10 5
10 7
12 2
12 3
12 6
14 11
14 14
15 3
15 7
15 11
16 25
1 2
1 12
2 14
3 6
4 10
4 13
5 1
5 3
5 11
6 2
6 8
7 2
7 8
7 9
8 3
8 13
10 16
11 6
12 7
12 10
12 14
13 5
13 9
15 11
15 15
17 30
1 7
2 8
2 13
2 16
4 17
6 7
6 9
6 13
8 2
8 9
8 11
9 16
10 8
10 12
10 16
11 2
11 5
12 5
12 10
12 12
12 13
12 14
13 10
13 17
14 5
14 10
15 4
15 12
15 15
17 1
18 33
1 5
1 7
1 8
1 12
1 13
1 15
2 13
2 14
2 15
2 18
3 13
4 5
5 6
5 9
5 11
6 7
6 12
8 3
8 12
9 6
9 11
9 14
10 16
10 18
11 7
11 14
12 5
12 8
14 1
14 11
16 12
17 11
18 17
19 42
1 5
1 9
2 4
2 5
3 11
3 13
3 17
4 14
4 19
5 14
5 17
6 4
7 1
7 3
7 10
8 2
8 6
8 7
9 7
9 11
10 11
10 18
11 9
12 11
12 16
13 1
13 4
13 8
14 1
14 3
14 6
14 7
14 15
15 7
15 8
16 16
17 9
17 18
18 8
18 10
19 1
19 16
20 33
2 8
3 6
3 10
3 16
4 1
4 9
4 16
5 13
5 15
5 19
6 1
7 6
8 6
10 4
11 4
12 11
14 12
14 13
14 14
15 4
15 10
15 12
15 18
16 8
16 19
18 18
19 6
19 17
20 6
20 11
20 14
20 15
20 17
21 47
3 2
3 12
3 15
4 13
5 5
5 14
5 21
6 3
7 20
8 8
9 2
9 11
9 17
10 18
11 1
11 19
12 5
12 11
12 20
12 21
13 1
13 5
13 7
13 12
13 18
14 3
14 7
14 14
14 19
15 11
16 19
17 4
17 12
17 20
18 16
18 18
18 20
19 7
19 11
19 14
20 4
20 8
20 15
20 16
20 18
21 19
21 20
22 53
1 16
1 17
2 3
2 7
2 20
3 4
4 7
4 14
5 21
6 1
6 4
6 22
8 4
8 11
8 16
8 21
9 11
9 18
9 19
10 2
10 3
10 4
10 7
10 15
10 17
10 18
10 22
11 8
11 14
12 15
12 19
12 21
13 15
13 16
14 3
14 11
14 18
14 20
14 21
15 5
15 12
16 8
16 10
16 12
16 16
18 9
18 16
18 18
19 18
20 7
20 13
22 4
22 22
23 61
1 2
1 12
1 18
2 14
2 22
3 8
3 9
3 20
4 7
4 20
5 4
5 14
6 4
6 8
6 9
6 11
6 21
7 3
7 14
7 16
7 19
8 3
8 7
9 13
9 16
10 5
10 7
10 22
11 7
12 10
12 12
12 15
13 1
13 8
13 17
14 5
14 14
15 10
15 13
15 22
16 3
16 14
16 19
17 3
17 17
17 20
18 15
18 18
19 1
19 2
19 12
19 15
20 5
20 19
21 13
22 3
22 11
22 21
23 9
23 10
23 21
24 51
1 10
1 13
3 2
3 3
3 13
4 5
4 14
6 5
7 1
7 6
8 13
8 14
8 22
9 2
9 12
9 16
10 2
10 3
10 4
10 18
11 1
11 8
11 10
12 2
12 13
12 15
12 16
13 24
14 3
14 15
16 8
16 19
16 22
17 1
18 8
18 19
18 21
19 16
19 22
20 5
20 15
20 21
21 2
21 10
21 24
22 5
23 10
24 10
24 12
24 16
24 21
25 68
1 18
1 23
1 24
2 10
2 11
3 4
3 14
3 15
3 18
3 21
3 25
4 9
5 14
5 18
5 20
5 21
6 12
6 16
7 1
7 23
8 7
8 13
8 15
10 5
10 9
10 18
11 4
11 15
12 9
12 11
12 13
12 14
13 12
13 22
14 2
14 6
15 19
16 3
16 11
16 15
16 16
16 17
16 18
17 10
17 21
17 22
17 25
18 12
18 22
19 11
19 14
19 22
19 24
20 1
20 10
20 15
21 15
21 18
22 16
22 24
23 3
23 18
23 20
24 5
24 12
24 25
25 7
25 16
26 59
1 16
1 25
2 10
2 15
3 11
3 17
4 4
4 13
5 16
6 2
6 8
6 16
7 18
8 21
8 22
9 9
9 20
9 22
9 24
10 5
10 8
10 9
10 13
11 2
11 6
11 7
11 13
11 19
12 6
12 13
12 15
12 19
13 3
13 17
13 21
14 6
14 15
16 8
16 18
17 8
17 13
18 26
19 2
19 24
20 1
20 16
20 17
21 3
21 21
24 9
24 26
25 7
25 14
25 19
26 2
26 9
26 15
26 21
26 26
27 75
1 22
1 27
2 1
2 22
3 5
3 9
3 17
3 25
5 26
6 11
6 16
6 25
7 8
7 11
7 17
7 20
8 2
8 11
9 20
10 12
11 26
12 12
13 8
13 9
13 13
13 22
13 23
14 5
14 16
14 19
14 21
15 8
15 23
15 26
16 7
16 12
16 19
16 21
17 1
17 19
17 23
18 6
18 14
18 16
18 23
19 2
19 18
19 27
20 13
20 22
20 26
21 8
21 13
21 25
21 27
22 1
22 3
22 6
22 10
22 11
22 25
23 12
23 16
24 8
25 14
25 25
25 26
26 10
26 14
26 17
26 20
26 21
26 27
27 5
27 19
28 66
1 22
2 1
3 23
3 25
4 15
5 6
5 10
5 12
5 23
6 3
6 14
6 22
7 23
8 10
8 23
9 3
9 14
10 6
10 12
10 26
11 18
11 24
11 26
12 17
13 14
13 15
13 19
14 18
15 1
15 6
15 20
16 8
17 3
17 5
17 7
17 25
18 17
19 10
19 13
20 7
20 16
21 4
21 7
22 18
23 4
23 11
23 27
23 28
24 22
25 10
25 14
25 21
25 28
26 5
26 16
27 2
27 11
27 13
27 15
27 23
27 27
28 12
28 17
28 19
28 23
28 24
29 103
1 4
1 5
1 8
1 13
1 23
2 2
2 9
2 15
2 23
2 26
2 29
3 1
3 5
4 6
4 9
4 16
4 22
4 29
5 5
5 6
5 7
5 18
5 22
5 27
6 28
7 3
7 11
7 15
7 17
7 21
8 9
8 18
9 8
9 15
9 17
10 6
10 14
10 25
11 18
11 21
12 4
12 11
12 14
12 25
12 28
13 6
13 16
13 26
14 19
14 25
15 6
15 27
16 1
17 29
18 2
18 6
18 8
18 18
18 20
18 24
18 29
19 10
19 12
19 14
19 24
20 13
20 17
20 20
21 1
21 11
21 19
22 3
22 11
22 15
22 18
23 2
23 9
23 18
23 20
23 22
24 10
24 20
24 24
25 10
25 12
25 25
25 27
26 3
26 5
26 11
26 15
26 29
27 1
27 3
27 25
27 27
27 29
28 3
28 15
29 11
29 12
29 13
29 16
30 82
1 9
1 18
1 24
1 26
2 15
2 23
2 30
3 3
3 9
3 24
4 6
5 3
5 21
7 1
7 10
7 11
7 12
7 18
8 2
8 24
9 1
9 2
9 25
10 29
11 3
11 14
11 19
11 28
11 30
12 13
13 2
13 13
13 19
14 1
14 6
14 9
14 11
14 24
15 18
15 28
16 3
16 5
16 13
16 14
16 24
17 23
18 2
18 4
18 5
18 6
18 7
18 28
19 1
19 30
20 3
21 4
21 5
21 6
22 22
22 28
23 18
23 21
24 7
24 20
24 25
24 29
25 26
26 10
26 13
28 6
28 16
29 5
29 6
29 7
29 8
29 12
29 18
29 19
29 21
30 14
30 17
30 30
0 0 
