1 0
2 0
3 0
4 1
1 -4
5 4
4 -1
4 -4
4 -5
5 -2
6 5
2 -1
2 -4
4 -3
5 -5
6 5
7 5
2 5
3 -6
4 -1
4 -2
6 -5
8 12
1 3
1 -4
2 -6
2 7
3 -1
4 -8
5 1
5 -2
6 2
7 -4
8 -4
8 -8
9 8
1 -6
1 -8
2 -8
3 -1
4 5
6 5
6 -6
9 -2
10 16
1 -1
1 -2
1 -5
3 -2
3 -3
3 -8
4 -3
4 -4
6 -4
8 2
8 -5
8 -8
10 -3
10 7
10 -9
10 -10
11 20
1 1
1 -2
1 -3
2 -1
2 -6
2 -9
3 -5
3 -6
4 4
4 -6
5 -7
6 -2
6 -8
6 -9
8 -1
8 3
9 -1
11 1
11 -5
11 -8
12 19
1 -11
3 -11
5 1
5 -3
5 -6
5 -12
6 -1
6 -2
6 -12
7 -1
7 -12
8 -3
8 -9
8 10
10 -2
11 -2
11 -3
12 -1
12 -5
13 18
1 -1
1 -11
2 11
3 -1
3 -5
3 -11
6 -3
7 -4
7 -11
9 -7
9 10
9 -13
10 -6
10 -12
11 -8
11 -9
12 -2
12 -10
14 27
1 -8
1 -11
2 8
3 5
4 3
4 -13
4 -14
5 -13
6 -2
6 -4
6 -9
6 -10
8 -7
9 -4
10 -6
11 -1
11 -2
11 -3
11 6
11 9
12 -6
13 -1
13 -4
13 -14
14 -7
14 -9
14 -14
15 30
1 -2
1 11
2 -1
2 4
2 -8
2 14
3 -3
3 -8
4 -2
4 -13
5 -2
5 -10
7 -6
7 -7
8 -1
8 -2
9 -9
9 -10
11 -6
12 -1
12 -5
12 -8
12 -10
12 -12
13 -3
13 -4
13 -7
13 -11
13 -13
14 -8
16 31
1 -4
1 -7
1 -15
2 -3
2 -5
3 -2
5 -6
6 -5
6 -7
6 -16
8 -1
9 -3
9 -13
10 -3
10 -5
11 5
11 -13
12 -4
12 -8
12 -10
12 -11
13 -12
14 -4
14 -6
15 -1
15 12
15 -16
16 -1
16 -5
16 13
16 -16
17 31
1 -2
1 -15
1 -17
2 -6
3 -1
3 9
3 -13
3 -14
4 -13
4 -14
5 -9
5 -12
6 -7
6 -11
7 -12
8 -1
8 4
9 -5
9 -9
9 -12
10 -6
10 -17
11 -6
12 -14
12 -17
13 -3
13 8
14 -13
16 -7
16 -8
16 -16
18 34
1 -6
1 -9
1 -13
1 15
2 -12
3 -15
4 -3
6 -1
6 -9
6 -11
7 1
8 -15
8 16
8 -18
9 -10
10 -3
11 -1
11 5
11 -8
12 -1
12 -3
12 -5
12 -12
12 18
14 -10
14 15
15 6
15 -8
15 -9
15 -10
15 -17
17 -3
18 -1
18 -8
19 43
2 -14
3 -3
3 -4
3 6
3 -10
3 -19
4 -7
4 -19
5 -14
6 -5
6 -12
7 -1
7 7
7 -9
8 -18
9 -1
9 -4
9 -5
10 -2
10 -12
11 17
12 -3
12 -7
12 -12
12 -17
12 18
13 -3
13 -9
13 12
14 -8
14 -12
14 -13
14 -14
15 -18
16 -2
16 -5
17 -1
17 -9
17 -11
17 -14
17 18
19 3
19 -14
20 51
1 -8
1 -14
1 15
2 -1
2 -3
2 -4
2 -13
2 -19
2 -20
3 -1
3 -2
3 -14
3 -19
4 -9
4 -14
5 -8
5 16
5 18
6 -10
6 -16
7 -6
7 -18
8 -12
8 -13
8 -18
8 20
9 -4
9 -16
9 -17
10 -12
10 -13
11 -13
12 -20
13 -7
13 -16
13 -17
13 -18
14 -1
14 -6
14 16
15 -12
15 -20
16 -2
16 -9
16 -18
17 -9
18 -4
18 -6
19 -4
20 5
20 -12
21 51
1 -11
1 -16
1 -21
3 -2
3 -9
3 -12
4 -3
4 -8
4 14
5 -1
6 -7
6 -17
6 21
7 -1
7 -10
8 -2
8 -7
8 -13
9 -4
9 -6
9 -19
10 -1
11 -6
11 -13
11 -14
11 -21
12 -1
12 -9
12 -13
12 -18
14 -3
14 -10
14 -12
15 -4
15 -12
15 -16
16 -3
16 11
16 -21
17 -8
17 -11
17 -13
18 -15
18 -18
19 -8
20 -1
20 -5
20 -11
20 -15
21 -1
21 -16
22 52
2 -16
3 19
4 -10
4 -21
6 -1
6 -14
6 -22
7 -6
7 -15
7 -19
8 -2
8 -15
8 -22
9 -10
9 -15
9 -18
10 -16
10 -17
11 -5
11 6
11 -21
12 -6
12 -7
12 -9
12 -22
13 -10
13 -11
13 -12
13 -21
14 -7
15 6
15 -16
16 -5
17 -8
17 17
18 -3
18 -5
18 -13
18 -18
18 -22
19 -10
19 -22
20 -8
20 -9
20 -12
20 -15
20 -17
20 -18
21 -5
21 -14
21 -20
22 -10
23 79
1 -15
1 -16
1 23
2 -1
2 -8
2 9
2 -13
2 -20
2 -21
3 -1
3 -8
3 -10
3 -17
3 18
4 -5
4 10
4 -11
5 -5
5 -16
6 -6
6 -7
6 23
7 -10
7 -13
7 -14
7 -16
8 -7
8 -12
8 14
9 -3
9 -11
9 -16
9 -21
9 -23
10 -1
10 -2
10 -7
10 -19
10 -21
10 -22
11 10
11 -20
12 -1
12 -2
12 11
13 -2
13 -9
13 -15
15 -5
15 -21
16 -13
16 -18
16 -20
17 6
17 -12
17 -17
18 -5
18 -16
18 -20
19 1
19 -14
20 -3
20 -9
20 -11
20 -13
20 17
20 -19
20 -23
21 -6
21 -7
21 -12
21 22
22 -8
22 -9
22 -19
22 -20
22 -21
23 -5
23 -12
24 74
1 6
1 -14
1 -21
2 -1
3 -6
3 -8
3 -22
4 3
4 -6
4 -11
5 -3
5 -19
5 -23
6 -2
6 -15
6 -20
7 -12
8 -10
8 -13
8 -22
9 -2
9 -7
9 -12
9 -16
9 17
10 -3
10 -5
10 -8
10 -10
11 -13
11 -20
12 11
12 23
13 -22
13 -23
14 5
14 -9
14 -15
14 18
15 6
16 -22
16 24
17 -4
17 -9
17 -12
17 -14
17 -19
18 -10
18 -11
18 -12
19 -4
19 -11
20 -5
21 -4
21 -7
21 13
21 14
21 -20
21 24
22 -1
22 -13
22 -17
22 -18
22 -20
23 -5
23 -13
24 -2
24 -3
24 -5
24 -9
24 -10
24 -12
24 -15
24 -22
0 0 
