1 0
2 0
3 0
4 1
1 -2
5 5
1 -1
1 2
1 -5
3 5
4 5
6 3
1 -1
2 -6
4 4
7 3
2 -1
3 7
6 -1
8 4
1 -4
2 8
3 4
7 -7
9 8
3 3
3 4
4 1
7 1
7 -2
7 4
8 -1
9 4
10 14
1 -3
1 7
1 -8
2 -2
2 9
3 3
3 6
5 -1
6 2
7 5
8 8
9 -1
9 -9
10 -5
11 19
2 3
3 3
3 9
4 1
5 9
5 10
6 -9
7 10
7 -11
8 2
8 7
8 -9
9 3
9 7
10 -8
11 1
11 -2
11 -7
11 9
12 23
1 -7
1 9
1 -10
2 3
2 4
2 -11
2 -12
4 6
5 -3
5 6
6 3
7 -5
9 -1
9 8
9 9
10 -4
10 -9
11 -4
11 -7
11 -9
11 -11
12 -6
12 -10
13 18
1 7
1 8
1 13
4 6
4 13
5 -1
5 -8
5 -9
6 10
7 7
7 10
8 3
9 -1
9 7
9 -12
9 13
10 -6
11 -5
14 17
1 -5
1 -7
1 -13
2 1
2 10
3 -7
4 -9
4 11
5 -1
5 11
5 13
5 -14
9 10
12 9
14 -1
14 8
14 -14
15 17
1 -9
3 11
4 11
4 -14
5 3
5 -5
6 -4
6 -5
6 11
6 -15
7 -3
8 14
10 11
12 -4
13 -10
14 3
15 -6
16 29
1 -6
1 -15
2 -11
3 -5
5 1
5 -8
5 -14
5 15
6 1
6 -2
6 5
6 11
7 -2
7 -4
7 6
7 -13
8 -7
8 12
8 14
8 16
9 2
10 -3
11 2
12 7
13 8
15 7
16 -3
16 -9
16 -13
17 25
1 -9
4 12
5 -15
6 11
7 -7
7 8
7 -9
9 -14
10 1
10 -9
11 -5
11 -9
12 9
13 -4
13 14
13 -17
14 4
14 -5
15 -1
15 7
15 -13
15 16
17 6
17 -7
17 -9
18 35
1 7
2 15
3 4
3 16
4 14
5 -18
6 -13
7 6
8 11
8 12
9 -1
9 -3
9 -5
9 6
9 11
10 9
10 -18
11 6
11 18
12 -5
12 -6
12 -15
13 2
13 -5
13 11
14 -15
15 -10
15 13
16 1
16 9
17 -3
17 -15
17 -17
18 4
18 -7
19 45
1 8
1 13
1 14
2 -4
3 2
3 14
3 15
3 -17
4 -13
4 14
5 -1
6 15
6 -17
7 4
7 -13
7 15
8 2
8 12
9 -8
9 12
9 -19
10 -3
10 10
11 -4
11 -18
13 1
13 -6
13 -10
13 -18
13 -19
14 -2
14 11
14 -13
14 -14
14 -18
15 12
15 -16
15 18
16 -5
16 -16
17 -9
18 -15
18 -17
19 -8
19 15
20 34
3 -2
3 4
3 14
3 20
4 -13
5 -13
5 18
6 -2
7 -1
7 6
8 6
8 -7
8 -12
8 -16
8 17
9 -1
9 3
9 9
10 -9
10 10
10 -17
11 17
12 -3
12 -12
12 -13
12 14
12 15
14 1
16 -12
17 -4
17 13
20 4
20 16
20 -17
21 58
1 -20
1 -21
2 -8
2 -17
3 1
3 21
4 11
4 -13
4 -18
5 -2
5 -6
5 11
5 -15
5 -18
5 19
6 1
6 -4
6 -11
6 15
6 -17
6 -18
8 8
8 13
8 -17
10 -6
10 -9
10 15
10 18
11 18
11 21
12 10
12 15
12 -17
12 20
14 -10
14 -19
15 4
15 -18
16 11
16 -18
17 -2
18 1
18 4
18 12
18 -15
18 -21
19 1
19 7
19 -14
19 17
19 -21
20 1
20 2
20 3
20 9
21 -5
21 -13
21 17
22 43
1 -15
1 17
2 -8
3 -4
3 -6
4 -10
4 -12
4 13
5 -5
5 6
6 -9
7 -12
7 15
7 17
8 16
8 17
8 18
9 5
9 10
10 -10
10 -14
10 -21
11 1
11 10
11 -13
12 -7
12 -8
12 -11
13 -5
14 7
14 -21
15 19
16 -15
17 5
17 -21
18 -3
18 5
19 -8
20 -2
20 -20
21 -1
21 -22
22 -5
23 55
1 5
1 12
1 -20
2 7
2 -10
2 -18
3 -2
3 4
3 5
3 -8
3 10
3 11
3 12
3 21
4 7
5 -6
5 -22
6 7
6 15
6 21
7 3
7 -15
8 -9
8 14
8 -19
9 6
9 -10
10 4
10 -7
11 2
11 4
11 14
12 5
12 -7
12 -8
12 20
13 23
14 9
15 -5
16 -2
16 -5
16 -10
16 14
17 8
17 21
18 1
18 -21
19 -5
20 -2
21 2
21 7
21 11
23 1
23 -3
23 -19
24 48
1 8
1 -10
2 1
2 -3
2 -10
2 11
3 -16
3 22
4 21
5 11
5 16
6 12
6 19
6 -20
7 -12
7 20
7 23
8 -1
8 -7
8 -9
8 20
9 -17
10 -14
10 23
11 -21
12 7
12 12
12 -22
13 -15
13 16
13 -17
13 -24
14 -9
14 -18
14 19
15 7
17 -17
18 12
20 24
22 3
22 5
22 -7
22 -10
22 -13
22 -21
24 9
24 12
24 -13
25 69
1 -3
1 13
1 -16
1 22
2 -3
2 -10
2 -14
2 16
4 -2
4 -6
4 14
6 4
6 -10
6 -15
6 18
6 -19
8 1
8 6
8 12
8 13
8 -21
8 25
9 -15
9 -23
10 -3
10 -5
10 -20
11 -1
11 7
12 -7
12 -23
13 -15
14 5
14 7
14 -13
15 17
15 -18
15 -20
16 8
16 10
16 15
17 11
17 -15
17 -22
17 24
18 -6
19 -3
19 -6
19 -12
19 -13
19 15
19 -16
20 -2
21 2
21 -4
21 -14
21 15
22 -2
22 -4
22 -10
22 -11
23 3
23 -9
23 -18
23 22
24 7
24 19
24 -23
25 -11
26 64
1 -9
1 16
2 4
2 -15
3 -10
3 13
3 14
3 -22
3 23
4 -4
4 20
5 -1
5 2
5 15
5 -16
5 26
6 -3
6 20
6 21
6 -25
7 -4
8 15
9 -2
9 11
9 -14
9 -15
10 3
10 8
10 14
11 3
11 14
11 22
12 -2
12 -3
12 -4
12 -6
12 -7
13 10
13 -13
14 7
14 18
15 12
15 23
16 -1
16 13
17 2
17 -13
17 -23
17 -25
18 -17
19 -15
19 -16
20 8
22 -21
23 -11
23 15
23 -20
24 10
24 19
25 15
25 -21
26 -10
26 16
26 -24
27 71
1 -7
1 -17
1 25
2 -19
3 2
3 -21
4 -6
4 11
4 -19
4 20
5 2
5 17
5 24
6 -26
8 -5
9 -8
9 16
9 -17
9 19
10 17
10 -19
10 -20
11 13
12 9
13 -12
13 -15
13 20
13 -26
14 10
14 23
14 -24
15 9
15 -23
16 -9
16 12
16 -16
17 -2
17 6
17 20
18 1
18 -4
18 -8
18 -13
18 -16
18 -21
18 24
19 1
19 26
20 3
20 -15
20 17
20 27
21 3
21 -13
22 1
22 -22
23 9
23 -11
23 -20
24 -2
24 6
24 8
24 -13
24 -14
25 10
25 12
25 -26
26 7
27 11
27 -12
27 -16
28 79
1 7
1 -14
1 -22
1 24
1 -28
2 12
2 16
2 21
4 2
4 -4
4 5
4 -15
4 17
6 11
6 -15
6 -17
6 18
7 25
8 2
8 6
8 -14
8 -18
8 -19
9 -12
9 -18
9 19
9 20
9 22
9 23
9 24
10 16
11 -5
11 9
12 -23
13 2
13 -18
13 -23
13 -27
14 -4
14 5
14 -18
14 -20
14 -23
15 -15
15 -20
17 -2
17 -15
17 23
17 -28
19 3
19 -27
20 -1
20 -2
20 -4
20 -9
20 14
21 -23
22 8
22 11
22 16
22 -22
22 25
22 -26
23 -10
23 23
24 10
24 15
24 -20
25 -7
25 14
26 12
26 13
26 -14
27 10
28 5
28 -8
28 20
28 21
28 -26
29 83
1 2
1 -12
1 22
1 -24
2 -9
2 11
2 14
2 18
2 -20
2 -24
3 -2
3 -9
3 23
4 10
4 21
4 -26
5 2
5 14
5 -18
6 -6
6 -10
6 -14
6 29
7 6
7 20
8 3
8 -5
8 12
8 22
9 -5
9 -29
10 -15
10 19
10 24
11 1
11 3
11 -5
11 23
12 7
12 10
12 26
12 -28
13 12
13 -17
13 -18
13 -27
14 22
14 -25
14 27
15 5
15 11
15 21
15 -23
16 25
17 -12
17 13
17 28
18 9
18 -13
18 26
19 -17
20 -25
21 8
21 11
21 -14
22 -4
22 -8
22 -12
22 29
23 1
23 -3
24 23
25 16
26 13
27 7
27 -11
27 -12
27 -15
28 23
29 -2
29 7
29 -11
29 -21
30 80
1 12
1 29
2 8
2 10
2 14
2 20
2 -21
3 -1
3 14
3 -18
3 -29
5 14
5 -20
5 24
6 -26
7 -14
7 -25
8 3
8 4
8 -5
8 14
8 20
9 17
9 -18
10 -5
10 -11
10 -14
10 -18
11 -1
11 4
11 -12
11 25
12 -15
12 19
13 -9
13 21
13 -22
14 7
14 -9
14 -19
14 -22
14 -25
15 -9
15 -18
15 -24
15 25
16 5
16 6
16 -8
17 1
17 -8
17 -22
18 1
18 8
18 -18
20 -15
20 23
20 -24
21 2
21 9
21 -13
21 -16
21 27
22 7
22 -11
22 -24
23 -9
23 19
23 25
24 2
24 -14
24 22
27 -5
27 -8
27 9
27 -16
29 -13
30 -23
30 -27
30 29
0 0 
