1 1
1 -1
2 0
3 2
1 -3
2 -2
4 1
2 -4
5 2
3 -2
3 -4
6 4
1 -2
2 -1
2 -4
5 -4
7 8
1 -2
2 -2
2 3
3 -5
5 -4
5 5
6 -4
7 -7
8 12
1 6
2 -4
3 -1
3 -6
3 -7
5 -8
6 -5
7 -3
7 -4
7 -6
8 2
8 4
9 13
1 -8
2 -1
2 -6
2 -7
2 -8
3 -5
5 -6
6 -4
7 -7
7 -9
8 -5
8 7
8 -8
10 9
1 -2
1 6
2 -7
3 4
3 8
4 -2
6 -2
6 -10
10 -2
11 13
1 6
2 2
2 4
4 -9
6 -2
6 -5
6 -10
8 -4
9 -4
9 -10
10 -1
10 -6
10 11
12 12
1 -2
2 5
2 -12
3 11
4 10
7 -8
7 9
7 -12
8 -8
10 -6
11 -8
12 -8
13 14
1 -3
1 -11
2 -8
3 -8
4 -11
5 4
5 -13
6 -4
6 -8
8 -2
10 13
11 2
12 1
13 -13
14 20
1 -11
1 -14
3 -6
3 -7
6 -4
6 8
7 -6
7 -9
7 11
8 -10
8 -11
9 1
9 -2
9 -7
10 -1
11 4
12 -2
12 -6
13 -1
14 -1
15 28
1 -3
1 -4
1 -7
1 -8
2 -9
2 -14
3 -1
3 -15
6 -3
6 -13
6 -14
6 15
7 -3
7 -9
8 -4
8 -13
9 -6
10 11
11 1
11 -4
11 -7
11 -10
13 -4
13 -9
14 5
15 1
15 2
15 -4
16 28
1 -10
2 -13
2 -14
3 13
3 14
4 -16
5 -1
5 9
5 -13
5 14
5 -15
6 -4
6 -10
7 -2
8 -4
8 -14
9 -7
10 -11
11 -7
11 14
12 16
14 -6
14 9
15 1
15 2
15 -3
15 -14
16 -16
17 35
1 -3
1 -12
3 -3
4 -3
4 -15
4 -16
7 -4
8 -1
8 -4
8 -8
8 -10
8 -11
8 -15
9 -3
9 -13
9 -16
10 -7
11 3
11 -6
12 1
12 2
12 -5
12 -7
12 -16
13 -9
14 -5
14 16
16 5
16 -7
16 -8
16 -9
16 16
17 -6
17 9
17 12
18 46
1 -3
1 -13
1 -15
2 -15
2 -17
3 -9
3 -10
3 11
4 -5
4 7
4 -14
5 3
5 13
6 -9
6 10
6 -11
7 2
7 3
7 -5
8 -6
8 15
8 18
9 4
9 12
10 2
10 -5
10 -11
10 -15
11 -2
11 3
11 -4
12 -1
12 -7
12 13
12 -16
13 -8
13 12
13 -16
14 -13
16 -3
16 9
16 12
16 -13
18 -9
18 10
18 -17
19 46
1 -6
2 -2
2 -4
2 9
2 -12
2 -14
3 -13
3 -17
4 -1
4 13
5 -6
5 8
5 -12
5 -16
6 -15
6 -18
7 -5
8 -2
8 -11
8 -15
8 -18
9 -5
9 -6
9 -11
9 -15
10 -13
10 -15
11 -9
11 -10
11 11
11 -12
11 14
11 -18
12 -11
12 -16
13 -3
14 -15
15 -16
16 1
16 -8
17 9
17 -19
18 -8
18 -14
19 6
19 -10
20 65
1 -1
1 -6
1 -8
1 -15
2 -3
2 -9
2 15
2 -16
2 17
3 -8
3 11
3 16
3 17
4 -6
4 -10
5 -6
5 -9
5 11
5 15
5 -19
6 3
6 -7
6 -10
6 -15
6 18
7 -4
7 6
7 -13
7 -20
8 -6
8 -17
9 -6
9 8
9 -10
9 -12
9 19
9 20
10 -9
10 -10
10 -11
10 -14
10 -18
11 -10
11 -19
12 -4
12 -8
12 -12
13 -9
13 -11
13 -14
14 11
14 15
15 -7
15 9
15 18
16 -8
16 -13
16 19
17 -6
17 -13
17 -20
19 -4
20 -1
20 7
20 10
21 57
1 -12
1 -17
2 -2
2 -12
3 -12
4 -10
4 -12
5 -12
5 -14
7 -6
7 10
7 -12
7 14
8 -11
8 14
8 -16
9 -3
9 13
9 -15
9 -20
10 1
10 -14
10 -21
11 -6
11 -10
11 12
12 4
12 -10
12 13
12 -21
13 5
13 -9
14 -10
14 -15
14 -19
14 -21
15 -14
16 5
16 -9
16 -11
16 -20
17 -7
17 -17
17 21
18 3
18 -7
18 -19
19 -9
19 -11
19 21
20 -2
20 3
20 -7
20 12
21 -8
21 -10
21 16
22 46
1 -2
1 8
1 -13
2 -19
3 -3
4 -7
4 -17
5 -2
5 -7
6 -2
6 -8
6 -11
7 -11
7 13
8 -1
8 -5
8 -7
8 -15
9 1
9 -2
9 -21
10 20
11 -6
11 14
11 -15
12 22
13 -3
13 5
13 -7
13 8
14 -9
14 -13
16 -2
16 -6
16 -10
17 15
18 -6
18 -8
18 -19
19 1
19 -2
21 -4
21 -17
22 2
22 -9
22 18
23 72
1 -1
1 -2
1 -21
2 1
2 -2
2 -5
2 -20
2 23
3 -5
3 -9
3 -13
3 18
3 -20
3 -22
4 1
5 -14
5 -19
5 -20
6 -2
6 -4
6 -5
7 -14
7 -18
7 -22
7 -23
8 8
8 -9
8 -14
8 16
8 -17
8 18
9 -9
9 -10
9 -12
9 -18
9 -19
10 1
10 -7
10 16
11 23
12 -4
13 -4
13 -15
14 10
14 11
14 16
15 -8
16 -4
16 -9
16 -20
17 -5
18 -7
18 11
18 -12
18 13
18 -14
18 -22
19 15
19 -18
19 -20
19 -21
20 -2
20 -14
21 -3
21 -13
21 -15
21 -16
21 -18
22 19
23 -1
23 -5
23 -6
24 74
1 -4
1 5
1 -6
1 -14
1 -17
1 -23
2 5
2 -10
2 -15
2 -24
3 -4
3 21
4 -12
6 2
6 21
6 -22
6 -23
7 -5
7 24
8 -12
8 -18
8 -24
10 -5
10 -12
10 -18
11 -2
11 -13
11 17
11 -22
12 -4
12 -15
13 4
13 -11
13 -15
13 -19
14 2
14 -10
14 -12
14 13
14 -22
14 -24
15 3
15 -9
15 -11
15 12
15 -17
15 -22
15 -23
16 -4
16 -8
16 -12
17 -1
17 -4
17 -7
17 8
17 -13
18 1
18 -18
19 -8
19 -17
19 -24
20 -7
20 -12
20 -21
20 22
21 -4
21 -13
22 14
23 6
23 -8
23 9
24 -1
24 -5
24 -22
0 0 
