1 0
2 2
1 1
1 2
3 0
4 5
1 4
2 2
3 4
4 1
4 4
5 8
1 2
2 1
2 4
2 5
3 2
4 1
5 2
5 4
6 6
1 2
1 4
2 4
3 5
4 4
6 2
7 13
1 2
1 5
2 2
2 4
3 3
3 4
5 3
5 7
6 3
7 2
7 3
7 5
7 6
8 17
1 6
3 7
3 8
4 1
4 3
4 4
4 7
4 8
5 1
5 2
5 3
5 8
6 7
6 8
7 3
7 6
8 6
9 25
1 4
1 6
2 4
2 9
3 1
3 6
3 9
4 4
4 5
5 3
5 4
5 8
6 1
6 5
6 7
6 8
7 2
7 6
7 8
7 9
8 2
8 3
9 4
9 7
9 9
10 23
1 4
2 3
2 4
3 1
3 8
3 9
5 1
5 8
6 4
6 5
7 5
7 6
7 9
8 1
8 2
8 6
9 1
9 5
9 7
9 10
10 2
10 6
10 8
11 22
1 1
1 3
1 7
1 11
3 9
4 11
5 1
5 3
5 9
5 10
6 3
6 7
6 9
6 10
6 11
7 8
9 2
10 3
10 4
10 8
11 1
11 8
12 38
1 7
2 3
2 4
2 5
2 6
2 11
3 8
4 2
4 6
4 7
5 2
5 4
5 6
5 7
6 3
6 4
6 5
6 7
6 11
7 6
7 9
7 12
8 1
8 5
8 8
8 10
8 11
8 12
9 2
9 8
10 4
11 2
11 10
11 12
12 8
12 9
12 10
12 12
13 34
1 1
1 4
2 4
2 5
2 6
4 3
4 10
4 11
4 12
4 13
5 2
5 4
5 5
6 1
6 9
7 1
7 8
7 13
8 2
8 4
8 5
8 9
9 2
9 3
9 8
10 2
11 1
11 6
11 11
12 3
12 8
13 6
13 7
13 10
14 60
1 2
1 3
1 5
1 10
1 14
2 11
3 1
3 4
3 11
4 5
4 8
4 10
4 11
4 13
5 2
5 3
5 6
5 8
5 11
5 13
6 1
6 2
6 6
6 8
6 12
6 14
7 1
7 4
7 5
7 11
7 13
7 14
8 3
8 5
8 6
8 7
8 14
9 2
9 11
10 9
10 10
10 11
11 5
11 6
11 7
11 8
12 1
12 5
13 2
13 3
13 11
13 12
13 13
13 14
14 4
14 8
14 10
14 11
14 12
14 14
15 46
1 3
1 12
2 2
2 4
2 7
2 12
2 13
3 4
4 1
4 4
4 12
4 15
5 3
6 6
6 9
6 10
6 11
6 15
7 5
7 9
7 13
7 14
8 10
8 14
9 1
9 6
9 9
9 10
9 12
9 14
10 2
10 6
10 7
10 11
10 13
11 9
11 14
12 1
12 6
12 12
13 3
13 7
14 6
14 7
15 10
15 14
16 68
1 13
2 3
2 4
2 9
2 11
2 12
2 13
2 15
3 2
3 6
3 8
3 16
4 6
4 12
5 3
5 4
5 8
5 15
6 3
6 4
6 5
6 6
6 7
6 9
7 3
7 5
7 9
7 13
8 8
9 6
9 10
9 11
9 13
9 16
10 2
10 12
10 15
11 3
11 6
11 8
11 9
11 12
12 5
12 6
12 8
12 14
12 16
13 5
13 11
13 14
13 15
14 3
14 8
14 12
14 14
14 15
15 9
15 10
15 11
15 16
16 2
16 3
16 5
16 7
16 8
16 10
16 11
16 15
17 67
1 6
2 2
2 3
2 6
2 10
2 13
2 14
2 15
3 1
3 6
3 9
4 6
4 7
4 8
4 9
4 11
4 12
4 17
5 4
5 5
5 13
6 10
7 9
7 10
7 16
8 3
9 5
9 7
9 12
9 15
10 1
10 5
10 6
10 13
10 14
10 17
11 4
11 6
11 7
11 10
11 12
11 15
11 17
12 1
12 7
12 9
12 13
12 14
13 2
13 13
14 2
14 3
14 4
14 8
14 14
14 15
15 8
15 9
15 10
15 11
15 14
16 5
16 6
17 2
17 4
17 8
17 11
18 91
1 3
1 4
1 11
1 13
1 18
2 3
2 10
2 11
2 17
3 1
3 2
3 8
3 9
3 11
4 2
4 3
4 5
4 6
4 7
4 10
4 15
5 4
5 10
5 18
6 2
6 6
6 10
6 12
7 5
7 7
7 10
7 12
7 13
7 18
8 4
8 12
8 18
9 4
9 8
9 9
9 10
10 1
10 2
10 7
10 8
10 15
10 16
10 18
11 1
11 3
11 4
11 8
11 10
11 12
11 15
12 1
12 5
12 9
12 12
12 14
13 6
13 12
13 16
14 2
14 6
14 7
14 8
14 10
14 13
14 17
15 3
15 5
15 7
15 9
15 11
15 17
16 1
16 8
16 10
16 12
16 13
16 14
17 2
17 10
17 13
17 18
18 2
18 4
18 11
18 12
18 15
19 85
1 19
2 2
2 12
2 18
2 19
3 5
3 6
3 10
3 15
3 18
4 1
4 2
4 6
4 11
4 13
5 8
5 13
5 19
6 2
6 5
6 6
6 7
6 17
6 19
7 2
7 14
8 3
8 11
8 14
8 15
8 16
9 5
9 6
9 8
9 17
10 1
10 3
10 4
11 1
11 5
11 7
11 11
11 13
11 14
11 19
12 2
12 6
12 11
12 13
12 15
12 18
12 19
13 4
13 5
13 7
13 10
13 12
14 7
14 11
14 14
15 2
15 8
15 12
16 2
16 3
16 4
16 5
16 8
16 10
16 13
16 15
16 19
17 8
17 16
18 1
18 5
18 6
18 9
18 13
18 16
18 17
19 1
19 4
19 10
19 11
20 98
1 3
1 4
1 6
1 14
1 16
2 3
2 17
2 18
3 11
3 13
3 14
3 15
3 17
3 19
3 20
4 4
4 6
4 11
4 15
4 16
5 4
5 6
5 9
5 15
5 17
5 19
6 9
6 12
6 17
6 20
7 4
7 11
7 12
8 6
8 17
8 18
8 19
9 1
9 4
9 19
10 1
10 5
10 10
10 12
10 14
10 15
11 3
11 8
11 11
11 12
11 17
11 19
12 3
12 10
12 11
12 12
12 19
13 5
13 9
13 11
14 5
14 8
14 10
14 11
14 15
14 19
15 5
15 8
15 14
15 17
16 2
16 5
16 12
16 18
17 1
17 2
17 4
17 5
17 6
17 7
17 8
17 9
18 9
18 11
18 13
19 1
19 4
19 5
19 8
19 9
19 12
19 13
19 20
20 4
20 6
20 10
20 11
20 14
21 119
1 3
1 9
1 10
1 11
1 18
2 2
2 5
2 12
2 13
2 19
3 1
3 4
3 5
3 8
3 15
3 21
4 3
4 4
4 15
4 16
4 18
5 10
5 17
6 5
6 7
6 8
6 9
6 12
6 15
6 18
7 2
7 5
7 7
7 8
7 11
7 12
7 13
7 15
7 16
7 21
8 2
8 3
8 6
8 9
8 15
8 16
8 19
8 21
9 2
9 8
9 16
9 17
9 19
10 9
10 11
10 12
10 16
11 3
11 9
11 15
11 16
11 18
12 4
12 8
12 11
12 17
12 21
13 1
13 5
13 6
13 10
13 15
13 20
14 5
14 6
14 9
14 12
14 15
14 18
14 20
15 11
15 16
15 19
16 1
16 2
16 5
16 8
16 10
16 11
16 18
17 3
17 4
17 6
17 13
18 1
18 2
18 5
18 13
18 15
18 20
19 13
19 18
19 20
19 21
20 4
20 10
20 12
20 13
20 17
20 19
21 1
21 8
21 11
21 12
21 13
21 16
21 17
21 18
21 19
22 114
1 1
1 5
1 6
1 8
1 9
1 10
1 12
2 5
2 6
2 8
2 9
2 10
2 11
2 15
2 17
2 21
3 5
3 10
3 11
3 12
3 21
4 4
4 7
4 11
4 12
4 13
4 14
4 16
4 17
4 20
5 11
5 12
5 15
6 1
6 4
6 5
6 11
6 15
7 6
7 16
7 19
8 1
8 4
8 7
8 9
8 11
8 12
8 14
8 17
8 20
9 5
9 7
9 11
10 1
10 12
10 13
10 18
11 1
11 6
11 8
11 16
11 19
11 20
12 5
12 6
12 8
12 9
12 14
13 1
13 5
13 16
14 6
14 8
14 10
14 14
14 20
14 22
15 2
15 8
15 11
15 16
15 17
16 1
16 8
16 12
16 16
16 21
16 22
17 2
17 9
17 11
17 14
17 21
17 22
18 4
18 5
18 11
18 22
19 3
19 7
19 12
19 13
19 14
19 16
20 4
20 12
20 18
21 4
21 7
21 8
21 12
21 13
21 18
22 10
23 121
1 9
1 10
1 11
1 13
1 14
1 17
1 19
1 21
2 3
2 8
3 4
3 12
3 13
3 14
3 16
3 18
3 23
4 18
5 2
5 10
5 12
5 14
5 19
5 20
5 22
6 6
6 12
6 14
6 15
6 22
7 4
7 5
7 10
7 19
8 14
8 16
8 18
8 19
9 1
9 2
9 4
9 7
9 8
9 11
9 12
9 14
9 19
10 8
10 14
10 15
10 17
11 5
11 8
11 9
11 10
11 12
11 13
11 19
12 2
12 10
12 11
12 12
12 15
12 20
13 2
13 10
13 13
13 16
13 17
13 19
13 23
14 10
14 12
14 14
14 15
14 22
15 4
15 13
15 14
16 6
16 10
16 18
16 20
16 23
17 1
17 2
17 13
17 15
17 17
17 19
17 22
18 4
18 6
18 14
18 16
18 21
19 4
19 13
19 16
20 8
20 10
20 13
20 18
21 1
21 2
21 5
21 8
21 10
21 12
22 3
22 14
22 15
22 18
22 21
22 22
23 6
23 8
23 11
23 14
23 18
23 23
24 147
1 3
1 7
1 14
1 17
1 23
1 24
2 2
2 4
2 13
2 15
3 1
3 19
3 23
4 1
4 3
4 7
4 14
4 16
4 19
5 2
5 5
5 9
5 12
5 13
5 14
5 17
5 20
5 23
6 5
6 7
6 9
6 10
6 11
6 17
6 19
6 24
7 5
7 8
7 14
7 15
7 17
7 19
7 24
8 8
8 11
9 2
9 6
9 14
9 18
9 21
10 1
10 4
10 9
10 10
10 15
10 16
10 22
11 5
11 9
11 12
11 13
11 15
11 21
11 23
11 24
12 1
12 11
12 24
13 2
13 7
13 8
13 10
13 13
13 15
13 18
13 23
14 10
14 11
14 14
14 16
14 18
14 23
15 5
15 7
15 9
15 11
15 14
15 19
16 1
16 8
16 12
16 16
17 7
17 10
17 12
17 13
17 18
18 1
18 5
18 10
18 11
18 20
18 21
18 23
19 9
19 14
19 16
19 18
19 22
19 23
20 1
20 3
20 4
20 8
20 10
20 11
20 12
20 20
20 24
21 5
21 10
21 11
21 14
21 17
21 23
22 16
22 18
22 20
22 22
22 23
23 1
23 2
23 5
23 10
23 12
23 14
23 15
23 17
23 18
24 2
24 5
24 6
24 7
24 14
24 15
24 21
24 24
0 0 
