1 0
2 0
3 0
4 2
2 3
3 -3
5 4
2 3
3 2
4 1
4 4
6 3
2 -2
4 3
5 5
7 7
1 3
1 6
2 1
3 6
4 2
6 5
7 7
8 12
1 -4
2 7
3 1
3 5
4 1
4 5
4 8
6 1
6 4
6 6
8 4
8 8
9 9
1 -2
1 5
2 2
3 1
4 1
4 5
6 7
6 9
7 3
10 11
1 6
3 -7
3 9
4 7
6 9
7 4
7 -5
7 9
8 -9
9 9
10 3
11 15
1 11
2 6
4 4
4 -8
4 9
5 3
6 2
7 2
7 3
7 5
7 7
9 4
10 5
10 6
11 7
12 13
2 1
2 4
3 10
7 1
7 8
7 12
8 -7
9 6
9 9
9 12
11 4
11 6
12 8
13 19
4 5
4 13
5 3
6 7
6 8
6 -13
7 7
8 3
9 11
10 3
10 4
10 7
10 12
10 13
11 7
11 9
12 2
13 2
13 5
14 18
1 4
1 12
4 13
6 5
6 14
7 7
7 9
8 14
9 11
10 6
10 9
11 2
11 4
11 11
13 11
13 14
14 7
14 8
15 26
1 9
1 15
2 1
2 10
2 13
3 6
3 12
3 13
4 12
5 6
5 13
6 6
7 4
7 5
8 13
8 14
9 5
9 12
10 11
11 2
13 3
13 4
13 13
14 10
15 13
15 15
16 27
1 10
2 4
2 -14
3 10
3 15
4 16
5 3
5 12
5 13
6 10
7 14
8 8
8 9
8 13
10 3
10 13
11 1
11 2
12 5
12 10
12 15
14 3
14 -9
15 4
16 1
16 4
16 -16
17 27
1 4
1 13
2 1
2 7
2 12
3 2
3 -15
4 2
4 4
4 11
5 5
6 2
6 3
6 6
6 -11
6 15
8 5
9 6
11 3
11 7
12 3
12 13
12 15
13 -10
13 16
15 17
16 8
18 35
1 15
2 10
3 18
4 4
4 11
4 15
4 16
5 6
5 12
6 2
6 17
6 -18
7 3
7 4
7 6
7 -17
8 2
8 9
9 13
9 17
10 9
10 17
11 -8
11 13
12 5
12 7
12 9
12 11
12 15
13 5
14 3
15 14
17 1
18 8
18 17
19 33
1 7
2 2
3 16
4 9
4 10
4 15
5 7
5 12
5 17
5 18
5 -19
6 18
6 19
7 16
8 12
9 5
9 9
10 16
11 3
11 5
11 7
11 -11
11 18
13 3
13 6
13 8
13 10
14 4
14 14
16 15
18 14
18 15
19 1
20 34
1 8
2 8
2 11
2 12
2 16
4 3
4 6
5 10
5 16
6 19
7 2
7 7
7 13
8 14
8 16
9 17
10 12
10 14
12 18
13 15
15 5
16 2
16 11
17 3
17 -5
17 11
18 1
18 20
19 2
19 8
20 1
20 2
20 9
20 -14
21 54
1 -8
1 16
2 5
2 15
2 20
3 10
3 14
3 18
5 -2
5 4
5 -6
5 8
5 9
6 4
6 7
6 9
7 1
8 8
9 8
9 9
9 15
9 17
9 18
9 20
9 21
10 -3
10 12
10 14
10 15
10 17
10 18
11 17
11 20
12 1
12 8
12 9
12 16
13 14
13 15
13 -19
14 4
14 8
14 21
15 10
17 1
18 9
18 11
18 14
18 20
19 14
20 2
21 1
21 7
21 13
22 49
1 8
1 10
1 14
1 16
1 17
1 20
2 4
2 10
2 18
3 3
4 -4
4 13
6 6
6 12
7 -17
8 8
8 15
8 -19
9 4
9 8
9 15
9 22
10 4
10 9
10 10
10 12
10 17
11 -1
12 8
12 12
12 18
13 -14
14 -10
15 3
15 18
16 -15
17 3
17 7
18 5
18 12
18 22
19 6
19 17
19 21
20 1
20 19
20 20
21 8
22 10
23 53
2 4
2 -10
4 3
4 18
5 1
5 2
5 3
5 8
5 9
5 15
5 23
6 2
7 -18
8 13
8 16
9 1
9 14
9 22
10 4
10 23
11 6
11 13
11 15
11 21
11 22
11 23
12 11
12 12
13 7
13 12
14 5
15 12
15 14
16 12
16 16
17 9
18 12
18 13
18 14
18 15
18 18
19 15
19 22
20 1
20 21
21 10
21 17
22 5
22 7
22 15
22 20
23 6
23 23
24 63
1 2
1 4
1 12
2 2
2 16
3 13
3 23
3 24
4 8
4 20
4 22
5 -11
6 -21
6 22
6 24
7 8
7 11
7 24
8 5
8 7
9 6
9 10
9 11
10 6
10 17
10 22
11 3
11 4
11 17
11 22
12 15
13 9
14 11
14 15
14 17
14 -19
14 23
15 7
15 10
15 12
15 13
15 21
16 15
16 16
16 23
16 -24
17 9
17 18
18 15
18 23
19 20
20 9
20 -10
20 11
20 16
20 23
21 6
21 12
22 7
22 11
22 13
22 19
23 15
25 61
1 8
1 12
1 19
2 5
2 9
2 -10
2 15
3 6
4 4
4 5
4 14
4 -20
4 21
5 6
5 8
7 -6
7 9
7 10
7 12
9 8
9 -21
10 12
10 18
10 22
11 12
12 -12
12 19
12 21
12 24
13 1
13 12
13 -22
14 7
14 8
14 23
14 24
16 4
16 8
16 18
17 3
17 12
17 20
18 9
18 24
19 3
19 24
20 13
20 20
20 23
20 25
21 -3
21 5
21 8
22 2
23 1
23 18
24 1
25 1
25 14
25 15
25 16
26 71
1 17
2 23
3 -16
3 18
3 25
4 16
5 6
5 8
5 20
5 23
6 6
6 14
7 6
7 9
7 11
7 18
7 21
7 26
8 9
8 16
8 20
9 10
9 16
9 18
10 1
10 7
10 8
10 15
10 19
10 -22
11 19
12 20
12 25
13 4
13 10
13 -13
14 15
14 25
14 26
15 4
15 -10
15 17
16 10
17 4
17 22
18 3
18 -18
19 4
19 21
20 7
20 13
20 25
21 -8
21 23
22 12
22 21
22 22
22 23
23 6
23 21
23 -23
24 13
24 19
24 23
24 25
25 10
25 11
25 14
25 16
26 10
26 -26
27 70
1 8
2 21
2 23
3 4
3 8
3 -26
4 3
4 11
5 11
5 15
5 17
5 20
6 8
6 -10
6 15
6 23
7 3
7 9
8 3
8 20
8 27
9 19
9 22
9 25
10 6
10 14
10 24
11 2
12 8
13 -10
13 13
13 26
13 -27
14 2
14 8
15 2
15 8
15 22
15 23
15 26
16 7
16 15
16 27
17 7
17 14
17 17
17 22
18 21
18 22
20 1
20 8
20 -9
20 18
20 20
20 21
21 15
21 26
22 -9
22 18
22 25
24 10
24 13
24 -23
25 9
25 16
25 24
25 25
26 25
26 26
27 4
28 70
1 2
1 6
1 10
2 8
3 11
3 13
3 27
4 -8
4 9
4 19
4 22
5 7
5 -15
5 26
6 19
7 1
7 9
7 13
8 10
8 13
8 14
8 -15
8 27
8 28
9 20
9 23
10 12
10 18
10 22
12 4
12 9
12 17
12 20
13 2
13 14
13 27
14 5
14 13
14 27
15 22
17 4
17 14
18 4
18 -12
18 16
19 25
19 26
20 5
20 24
21 8
21 19
21 20
21 26
22 14
22 23
23 4
23 7
23 -10
24 2
24 4
24 -8
24 22
25 -27
26 1
26 3
27 -1
27 15
27 25
28 3
28 11
29 86
1 1
1 8
1 10
1 -17
1 18
1 25
1 27
2 2
2 22
2 -25
2 28
3 1
3 18
3 22
3 26
3 29
4 2
4 11
4 -13
4 19
4 29
5 19
5 21
6 2
6 3
6 6
6 24
6 27
7 1
8 -19
8 22
9 5
9 -6
9 10
9 14
10 1
10 28
11 -14
11 27
11 28
12 19
13 6
13 26
14 5
14 -26
14 29
15 2
15 7
15 12
16 4
16 9
16 -21
16 28
17 17
17 18
17 26
17 29
18 3
18 5
18 9
18 13
19 3
19 16
19 27
20 5
20 8
21 23
22 22
22 26
23 8
23 12
23 26
24 6
24 24
25 15
25 -16
26 12
27 14
27 16
27 25
28 7
28 24
29 -3
29 17
29 22
29 24
30 76
1 8
2 1
2 6
2 8
2 13
2 19
2 20
2 21
3 7
3 25
3 28
3 29
4 22
5 6
6 6
6 -18
6 27
7 10
7 20
8 10
8 13
8 20
9 10
9 22
9 24
9 29
9 30
10 4
10 8
10 21
11 12
11 -29
12 8
12 17
12 20
14 2
14 3
14 29
15 1
15 3
15 4
15 7
15 19
15 25
16 7
16 22
17 -2
18 -12
18 17
18 22
19 5
19 6
19 11
20 7
20 13
20 14
20 -28
21 5
21 9
22 20
23 -3
23 12
23 -16
24 1
24 12
24 18
24 19
25 14
25 30
26 17
27 16
27 23
29 3
29 8
29 26
30 -19
0 0 
