1 0
2 1
1 1
3 0
4 4
1 -1
3 -3
4 -3
4 -4
5 3
1 5
2 2
3 2
6 5
2 -2
3 2
4 2
4 3
4 -6
7 8
1 3
2 6
3 2
4 3
4 -4
5 5
6 5
6 -6
8 9
2 -3
3 -3
3 6
3 7
4 4
4 -6
5 6
7 1
8 7
9 9
3 7
4 3
4 7
5 8
6 1
6 7
7 4
8 3
9 7
10 12
1 2
3 9
4 1
4 2
4 10
5 1
6 3
6 -9
7 3
7 5
10 1
10 5
11 18
1 4
2 6
2 8
3 1
3 7
4 10
4 11
5 9
5 10
6 -3
6 -9
7 3
7 4
7 -5
7 8
8 3
9 3
9 5
12 16
1 1
2 1
2 3
2 12
4 -5
5 12
6 -2
6 6
6 11
7 1
8 -5
11 4
11 7
11 -12
12 4
12 12
13 21
1 -13
2 3
2 6
3 6
5 5
5 -10
6 9
6 11
8 -2
8 4
8 6
8 8
8 9
9 6
9 -7
9 8
9 13
10 -6
11 11
12 7
13 -1
14 32
1 -9
1 -12
2 2
2 -5
3 -11
4 11
4 12
6 5
6 10
7 1
7 6
7 12
7 13
8 6
8 8
9 2
9 11
10 -2
10 10
10 14
11 5
11 -6
11 12
12 3
12 4
12 9
12 -11
13 1
13 3
13 10
13 14
14 2
15 29
2 1
2 -4
2 -6
2 8
3 8
4 2
4 12
4 15
5 -8
5 9
5 11
6 9
7 7
7 -11
8 -8
9 5
9 9
9 11
10 -1
10 -5
10 14
11 1
12 -1
12 -5
12 13
13 -13
14 12
15 3
15 9
16 33
1 8
2 -2
2 14
3 10
3 -14
4 -12
5 2
5 -7
5 16
6 2
6 -11
7 5
7 -15
8 8
8 10
9 5
9 13
10 2
10 -6
11 12
11 16
12 1
12 4
12 -8
12 -14
13 -3
13 14
13 -16
14 11
15 -9
15 16
16 10
16 13
17 31
1 9
1 -17
2 8
3 5
3 -6
3 15
4 2
4 6
4 9
5 -3
6 1
6 8
7 9
7 11
8 8
8 12
9 5
10 5
11 4
11 -13
12 2
12 6
12 13
12 16
13 9
15 4
15 10
15 -13
16 12
16 17
17 -7
18 27
1 5
2 10
2 16
3 -5
3 7
3 8
3 11
4 -8
7 4
7 18
8 14
9 2
9 8
9 11
10 -10
10 -12
11 8
11 16
15 3
15 8
16 7
16 -8
16 14
16 15
17 -3
17 7
18 -17
19 50
1 -3
2 2
2 6
2 -7
2 -18
3 4
3 14
4 1
4 -2
4 -5
4 12
5 1
5 -13
5 19
6 -2
6 14
6 -15
6 19
7 19
8 3
8 -5
8 6
8 -7
8 10
8 -18
8 -19
9 16
9 -18
9 19
10 16
11 11
12 1
12 3
12 5
12 17
13 15
14 1
14 5
14 9
14 -10
14 15
15 8
15 13
15 14
16 2
17 12
18 17
19 2
19 10
19 -14
20 42
1 15
1 16
1 19
2 -11
2 14
2 20
3 15
3 16
4 3
4 12
4 13
5 2
5 6
5 13
5 20
6 -15
6 18
6 20
8 2
8 -4
8 11
8 20
9 -10
10 2
10 -8
10 -10
10 13
10 20
11 16
12 1
12 -10
13 -16
13 -20
14 -16
15 15
15 16
16 12
17 18
19 14
20 7
20 13
20 -14
21 56
1 2
1 13
1 18
1 -19
2 7
3 -2
3 -7
3 13
4 2
4 8
4 15
5 -9
5 15
6 2
6 6
6 -7
6 -8
6 14
6 -20
7 9
7 10
7 13
7 20
8 11
8 19
9 1
9 18
9 21
10 -7
10 17
10 19
10 20
11 1
11 12
11 18
11 21
12 9
12 10
12 13
14 12
15 -6
15 14
15 21
16 5
16 -7
16 11
16 -16
17 7
17 17
17 20
18 11
18 15
19 8
19 -16
19 20
20 -10
22 61
1 11
1 17
2 -1
2 4
2 8
2 11
2 12
2 14
2 21
3 7
4 -10
4 13
5 10
5 -17
5 19
5 22
6 7
6 11
7 22
8 13
8 -17
9 3
9 -8
9 12
9 13
9 19
9 22
10 11
10 12
11 -6
11 9
11 14
12 2
12 5
12 9
12 19
13 1
13 19
13 20
14 -2
14 10
15 -9
16 10
17 3
17 5
17 -14
17 18
18 3
18 -6
18 11
18 16
18 -20
19 7
19 11
19 21
20 12
20 -14
20 22
21 1
21 -21
22 -4
23 61
1 -7
2 14
4 7
4 14
4 19
5 3
5 -6
5 -13
5 19
5 21
5 -22
6 -3
6 -9
6 13
6 20
7 3
7 10
7 17
7 19
7 22
8 6
8 -11
9 2
9 3
9 -4
9 7
9 -9
9 18
10 2
10 5
11 3
11 14
11 22
12 -4
12 5
12 9
12 12
12 13
12 16
12 22
12 23
13 -2
13 3
13 -12
13 14
13 22
14 6
15 4
15 -13
16 4
16 6
16 17
16 -22
17 -4
17 22
18 1
21 3
22 2
22 10
22 22
23 3
24 73
1 1
1 6
1 -18
1 19
3 4
3 -5
3 14
4 1
4 3
4 -7
4 9
4 10
4 11
4 -13
4 -14
5 18
5 22
6 14
6 17
6 21
7 2
7 7
7 -16
7 -19
7 21
8 1
8 5
8 18
9 4
9 22
10 2
10 -11
10 21
11 -21
12 -3
13 -2
13 -22
15 3
15 4
15 21
15 24
16 7
16 10
16 12
16 15
16 -16
16 -23
16 24
17 6
17 -14
17 17
18 -2
18 6
18 20
18 22
19 7
19 11
19 -19
19 22
20 -1
20 15
20 16
21 4
21 9
22 10
22 -12
23 2
24 1
24 6
24 -8
24 11
24 16
24 23
0 0 
