1 0
2 1
1 2
3 3
1 -3
2 -3
3 -2
4 5
3 -3
3 -4
4 -1
4 -2
4 4
5 12
1 -2
1 -3
1 -4
2 -5
3 -1
3 -3
3 -4
3 -5
4 -1
5 -1
5 -2
5 -5
6 10
1 -3
1 -6
2 -1
2 -6
3 -3
3 -5
4 -3
4 6
6 -2
6 -3
7 14
1 -2
1 -3
1 -4
1 -6
2 -1
2 -6
5 -1
5 -6
5 -7
6 -1
6 -2
6 -3
7 -1
7 -7
8 14
1 -1
1 -6
2 -8
3 -3
4 -1
4 -3
6 -3
6 -7
7 3
7 -8
8 1
8 -3
8 -6
8 -8
9 28
1 -6
1 -7
2 -5
2 -6
2 -8
2 -9
3 -7
3 -8
3 -9
4 -1
4 -2
4 -3
5 -3
5 8
6 -6
6 -8
7 -2
7 -3
7 -6
7 -7
8 -1
8 -4
8 -5
8 -8
9 -1
9 3
9 -6
9 -8
10 19
1 9
2 -4
2 -5
2 -8
3 -8
4 3
5 -7
6 -3
6 -4
6 -6
6 -8
7 -2
7 -5
7 -8
9 -1
9 -3
9 6
9 -10
10 -9
11 27
1 -5
1 -7
2 -1
2 -2
2 -5
2 -10
3 2
3 -3
3 5
4 -5
5 -2
6 -2
6 -3
7 -2
7 3
7 -5
7 -6
7 -9
8 -8
8 -10
9 -3
9 -9
9 -10
9 11
10 -9
10 11
11 -11
12 37
1 1
1 -5
1 -10
1 -11
2 -3
2 -11
3 -4
4 -5
4 -9
5 -1
5 -2
5 -4
5 -7
5 -8
6 -2
6 -5
6 -6
6 -11
7 -6
7 -8
7 -11
8 -4
8 -11
9 -4
9 -5
9 -9
10 -1
10 7
10 -8
10 -10
10 12
11 -6
11 -10
11 -11
12 -8
12 -11
12 -12
13 35
1 -4
1 -6
1 10
1 -11
1 -12
2 -2
2 -8
2 12
3 -4
4 -3
4 -4
4 -7
4 -8
4 -9
4 -12
5 11
6 -1
6 -3
6 -6
6 -10
6 -12
7 -2
7 -6
8 -4
9 -3
9 -9
10 -4
10 -5
10 -8
10 -10
11 -2
12 3
12 -12
12 -13
13 -12
14 54
1 -7
1 -8
1 -12
1 -14
2 -6
3 -1
3 -8
3 -9
3 -10
3 14
4 -1
4 -3
4 4
4 6
4 -7
4 -8
4 -13
4 -14
5 -2
5 -4
5 -5
5 -7
6 -1
6 -3
6 -10
7 -4
7 5
7 -7
7 -11
8 -2
8 -10
8 -13
9 -2
9 4
9 -6
9 -7
9 9
9 -14
10 -2
11 -6
11 -8
11 -13
12 -3
12 -4
12 -6
12 -14
13 -1
13 -2
13 -3
13 -9
14 -3
14 -6
14 -7
14 -8
15 58
1 -1
1 -6
1 -7
1 -12
1 -13
2 -3
2 -6
2 -7
2 -11
2 -12
3 -1
3 -5
3 -10
3 -14
3 -15
4 3
4 -4
4 -5
4 -6
5 -2
5 -7
5 8
5 13
6 -1
6 -13
7 -3
7 -7
7 -11
7 -12
8 -7
9 -3
9 -4
9 11
10 -3
10 -10
10 -12
10 -13
11 -1
11 -4
11 -9
11 -10
12 -1
12 6
12 -9
12 -15
13 -2
13 -5
13 -8
14 -1
14 -7
14 9
14 -10
14 -12
14 -14
15 1
15 -3
15 -11
15 -15
16 58
1 -13
2 -5
2 -7
2 -12
2 14
3 -3
3 -4
3 -6
3 -15
4 -4
4 -16
5 -1
5 -2
5 -3
5 -5
5 -9
5 -16
6 -1
6 -4
6 -11
7 -12
7 -14
7 -16
8 -1
8 5
8 -8
8 -13
8 -14
8 -16
9 1
9 -3
9 -9
9 -15
10 8
10 -10
10 -11
10 -15
11 -5
11 -6
11 -7
11 -13
12 -1
12 -2
12 -5
12 -8
12 -9
12 -13
13 -4
13 -12
14 -1
14 -6
14 -11
14 -15
14 -16
15 -10
16 -9
16 -13
16 -15
17 63
1 -6
1 14
2 -4
2 -8
2 -13
2 -15
3 -3
3 -8
3 -10
3 -11
3 -12
4 -5
4 -7
4 9
4 -13
4 -17
5 -7
5 -14
5 -16
6 -9
6 17
7 -5
7 -7
7 -15
7 -17
8 -2
8 -3
8 -4
8 -13
9 -5
9 8
9 -9
9 -12
10 -2
10 11
10 -12
10 -13
10 -16
10 -17
11 -7
11 -9
11 -14
12 -5
12 6
12 9
12 -10
12 -13
12 -14
13 -5
13 -11
13 -17
14 -5
14 -6
14 -16
15 12
15 -14
15 -16
16 -1
16 -8
16 -9
16 10
17 -3
17 -17
18 91
1 -1
1 -4
1 -8
1 -15
1 17
2 -2
2 -4
2 -8
2 -12
2 16
3 -4
3 -7
3 -8
3 -10
3 -13
3 -18
4 -2
4 -5
4 6
4 -8
5 -1
5 -4
5 6
5 -18
6 -1
6 -5
6 -13
6 -15
6 -18
7 -4
7 5
7 -6
7 -7
7 -11
7 -12
7 -14
8 -1
8 -3
8 -4
8 -6
8 -9
8 11
8 -18
9 -1
9 -10
9 -13
10 -1
10 -12
10 -14
10 -18
11 -3
11 -6
11 -10
12 -2
12 -6
12 -10
12 -13
12 -15
12 -16
12 -17
12 -18
13 -3
13 -14
13 -15
14 4
14 -5
14 8
14 -12
14 -13
14 -14
14 -17
15 -7
15 -10
15 11
15 -18
16 -1
16 -7
16 8
16 -9
16 -17
16 -18
17 -5
17 -10
17 -12
17 -14
18 -2
18 -3
18 -7
18 -14
18 -15
18 -18
19 108
1 -6
1 -12
1 -15
2 -3
2 -5
2 7
2 -11
2 -13
2 14
2 -17
3 -13
4 -1
4 7
4 -8
4 -10
4 -12
4 -18
5 -3
5 -4
5 5
5 -16
5 -17
6 1
6 -4
6 -6
6 -13
6 -17
6 -19
7 -4
7 -7
7 -8
7 -11
7 -14
7 -15
8 1
8 -6
8 -7
8 -8
8 -15
9 -3
9 -4
9 5
9 -6
9 8
9 -9
9 -12
9 -15
9 -18
10 2
10 -9
10 -14
10 -15
10 -16
10 -17
11 -1
11 5
11 -11
11 -17
12 -10
12 -12
12 -14
12 -18
13 -4
13 -5
13 -12
13 -14
13 -15
13 -16
13 -18
14 -1
14 5
14 -7
14 -13
14 -14
14 -18
15 -3
15 -6
15 -11
15 -13
15 -14
15 -15
15 -16
15 -17
16 -1
16 -8
16 -9
16 12
16 -13
16 -14
17 -2
17 3
17 -8
17 -19
18 -3
18 -7
18 -8
18 -10
18 -13
18 -16
18 -17
18 18
19 -3
19 -6
19 7
19 -9
19 -11
19 -12
19 -17
20 98
1 -1
1 -4
1 -5
1 -12
1 -19
1 -20
2 -5
2 -7
2 -13
2 -16
2 -17
3 -1
3 -2
3 -3
3 4
3 -20
4 -7
4 14
4 19
5 2
5 -4
5 -15
5 -16
5 18
6 -2
6 -8
6 -15
6 -18
7 -1
7 -4
7 -6
7 -9
7 -20
8 -2
8 -3
8 -7
8 8
8 -17
8 -19
8 -20
9 -3
9 -8
9 -10
9 -18
10 -7
10 -8
11 -2
11 -3
11 -8
11 -16
11 -17
12 -1
12 -5
12 -6
12 -8
12 -20
13 -12
13 -14
13 -17
13 18
13 -20
14 -3
14 -5
14 -6
14 -14
14 18
15 -11
15 -13
15 14
16 -2
16 -8
16 -11
16 -16
16 -17
17 -2
17 -3
17 -9
17 -18
18 -1
18 -2
18 -3
18 -4
18 -5
18 -6
18 -7
18 -15
18 -17
18 -18
19 -8
19 16
20 -4
20 -5
20 -6
20 -9
20 -10
20 11
20 -14
20 -18
21 112
1 -1
1 3
1 8
1 -14
1 -16
1 17
1 21
2 -2
2 -5
2 -8
2 -13
3 12
3 -13
3 -16
3 -17
3 -19
3 -21
4 -2
4 12
4 -15
5 -3
5 4
5 -12
5 -20
6 2
6 -5
6 -7
6 -18
6 -21
7 -6
7 -12
7 14
7 -18
7 -19
7 -20
8 -1
8 2
8 -8
8 -9
8 -13
8 -16
9 2
9 -8
9 -13
9 -14
10 -3
10 -4
10 -17
11 -1
11 -7
11 -9
11 -21
12 -1
12 -4
12 -9
12 -10
12 -12
12 -14
12 -16
13 -4
13 -6
13 -8
13 -9
13 -12
13 -13
14 -2
14 -3
14 -7
14 -9
14 -18
14 -19
15 -2
15 -5
15 -6
15 -14
15 -16
15 -18
15 21
16 -4
16 -12
16 -15
16 -18
16 -20
16 -21
17 -2
17 3
17 -5
17 -6
17 10
17 -18
17 19
18 -1
18 -20
19 9
19 -11
19 -15
19 -16
19 -17
20 -2
20 -3
20 -10
20 -11
20 -17
20 -19
21 -3
21 -4
21 -5
21 -9
21 -12
21 16
21 -18
21 -19
22 127
1 -2
1 -8
1 -9
1 -11
1 -12
1 -14
1 -15
1 -18
1 22
2 -5
2 -7
2 -12
2 -14
2 -17
2 -18
3 -4
3 -5
3 -16
3 -18
3 -20
3 22
4 -9
4 10
4 -13
4 -19
5 -1
5 -5
5 -7
5 12
5 -17
5 -19
5 -20
6 -1
6 -4
6 -7
6 -10
6 -11
6 -12
6 17
7 -13
7 -14
7 -15
7 -19
7 20
8 3
8 -5
8 -11
8 -12
8 -14
8 -16
8 -17
8 -20
8 -21
9 -3
9 -7
9 -8
9 -16
9 18
9 -20
10 -1
10 -2
10 -4
10 12
10 -18
10 -19
10 -20
11 -1
11 5
11 -7
11 -8
11 -16
11 -22
12 -15
12 -20
13 -15
13 -17
13 -20
13 -21
14 -2
14 -11
14 -15
14 -16
14 17
14 -19
14 -20
14 -21
15 -2
15 -10
15 -14
15 -15
16 -1
16 5
16 -9
16 -12
16 -19
16 -21
17 -8
17 -13
17 -22
18 -6
18 -13
18 -21
18 -22
19 5
19 -7
19 -8
19 -16
20 -7
20 8
20 -12
20 -17
20 -18
20 -21
20 -22
21 -2
21 4
21 -8
21 -10
21 22
22 -5
22 6
22 -7
22 -10
22 13
22 -16
22 18
22 -20
23 142
1 -1
1 -3
1 -10
1 -22
1 -23
2 -3
2 4
2 -9
2 -13
2 -15
2 -18
3 -4
3 -5
3 -12
3 -15
3 -17
4 -2
4 -3
4 -4
4 -14
4 -15
4 21
4 -22
5 -6
5 -7
5 -19
5 -23
6 -5
6 -6
6 -21
7 3
7 -9
7 -11
7 16
7 -22
8 -2
8 -5
8 -6
8 -8
8 -12
8 -13
8 -17
9 -1
9 -5
9 -8
9 -11
9 -15
9 -19
9 -22
9 -23
10 -3
10 -4
10 -9
10 -13
10 -15
10 -20
10 -21
11 -4
11 -6
11 -9
11 -14
11 -18
11 -22
12 -4
12 -7
12 8
12 -9
12 -13
12 -17
12 -20
13 -5
13 -6
13 -11
13 -13
13 14
14 -4
14 12
14 -14
14 -16
14 -17
14 -18
14 -21
14 -23
15 3
15 -4
15 -14
15 -20
15 -22
16 -2
16 -3
16 -5
16 -7
16 -9
16 -10
16 -17
16 -21
17 -2
17 -7
17 -10
17 -19
17 -22
17 -23
18 -2
18 -3
18 -4
18 -5
18 -8
18 -9
18 11
18 -12
18 -18
18 -20
19 -1
19 -4
19 -9
19 10
19 -13
19 -15
19 -20
19 -22
20 -9
20 -15
20 -17
20 -19
20 -20
21 -2
21 -8
21 -17
21 -19
22 -1
22 11
22 13
22 20
22 -21
23 -2
23 -3
23 -13
23 -14
23 17
23 -19
23 -20
23 -23
24 127
1 -2
1 -5
1 10
1 -11
2 -10
2 11
2 -17
2 -18
2 -22
2 23
2 -24
3 -1
3 -4
3 -12
3 -15
3 -16
3 -19
4 -1
4 6
4 -8
4 -9
4 -12
4 -15
4 -22
5 -6
5 -8
5 -11
5 12
5 -13
5 -20
5 -22
7 -2
7 -6
7 -7
7 -11
7 -21
8 -2
8 -4
8 -6
8 12
8 -14
8 -16
8 -17
8 -20
8 -21
8 22
9 -6
10 -2
10 -4
10 -11
10 -12
10 -13
10 -20
10 -22
10 -23
10 24
11 -1
11 -4
11 -5
11 -12
11 -18
11 24
12 -8
12 -14
13 -5
13 -8
13 -9
13 -12
13 -16
13 -17
13 -21
13 -23
13 -24
14 -2
14 -3
14 -5
14 -6
14 18
14 -19
14 -20
14 23
15 -4
15 -10
15 -12
15 -17
15 -20
15 -21
15 -22
16 -1
16 -18
16 -22
17 -6
17 -10
17 -19
17 -20
18 -6
18 -8
18 -22
19 -4
19 7
19 -9
19 14
19 -15
19 -19
19 -21
19 -23
20 -7
20 -8
20 -21
20 -23
21 -1
21 -4
21 -15
21 -18
21 -19
22 -12
22 17
22 -20
23 -4
23 -5
23 -7
23 -23
24 -6
24 -11
24 13
24 -16
24 -21
0 0 
