1 0
2 0
3 3
1 1
1 -3
3 -3
4 8
1 1
2 1
2 2
3 1
3 2
4 -1
4 -3
4 4
5 5
1 -5
2 5
3 1
3 -4
4 4
6 6
1 6
2 -1
2 2
2 -3
2 5
3 -3
7 16
1 -1
1 3
1 5
1 7
2 -7
3 -2
3 -7
4 -2
5 2
5 -6
5 7
6 5
7 2
7 -3
7 -4
7 7
8 20
1 1
1 2
1 -6
2 1
2 -3
2 5
2 7
3 -4
3 -5
3 6
4 -2
4 5
5 -2
5 -6
6 7
7 4
7 -8
8 -2
8 -3
8 -5
9 23
1 -1
1 2
1 -6
1 9
2 -1
2 2
3 1
3 -4
3 8
4 -1
4 -2
5 -1
6 2
6 -4
6 -7
7 -1
7 -4
7 8
8 -1
8 3
9 -1
9 3
9 -9
10 19
1 -7
1 8
2 -1
3 9
4 -4
5 -2
5 -6
6 1
6 -3
6 5
7 -1
7 3
8 1
8 -3
8 7
9 -7
9 -8
10 -1
10 7
11 24
1 1
1 10
3 -2
3 3
3 -7
4 1
4 2
4 -3
4 5
5 7
5 9
6 -10
7 -3
7 5
7 8
8 11
9 -2
9 -8
9 10
11 4
11 5
11 7
11 -10
11 11
12 35
1 -8
2 -2
3 8
3 -9
3 -10
4 8
4 -11
5 -1
5 2
5 -5
5 12
6 -4
7 -4
7 5
8 7
8 -11
8 12
9 2
9 3
9 -4
9 -5
9 -9
9 10
9 11
10 2
10 -5
10 -6
11 -4
11 -8
11 -11
12 -6
12 7
12 -9
12 -10
12 11
13 38
1 -12
2 -6
3 5
3 8
4 3
4 4
4 6
4 -12
5 5
5 11
5 -12
6 -4
6 6
6 -11
7 -9
7 -12
8 -13
9 -3
9 -8
10 -7
10 -10
10 11
10 -13
11 3
11 4
11 -5
11 6
11 -7
11 -10
11 -11
11 13
12 1
12 -6
13 -2
13 -3
13 8
13 -10
13 -12
14 63
1 -1
1 -2
1 5
1 -9
1 10
1 -13
2 2
2 -7
2 10
2 -12
3 -4
3 -5
3 -7
3 -9
4 -1
4 -5
4 -7
4 -8
4 13
4 -14
5 2
5 -6
5 -13
6 4
6 -6
6 7
6 9
7 1
8 2
8 -3
8 4
8 -6
8 -14
9 -2
9 9
9 -13
10 -3
10 -6
11 1
11 7
11 -11
11 -13
11 14
12 2
12 6
12 8
12 9
12 13
12 14
13 3
13 5
13 -8
13 -13
13 -14
14 1
14 2
14 -3
14 4
14 -5
14 -6
14 7
14 12
14 14
15 60
1 5
1 -9
1 11
1 -12
1 13
2 2
2 5
2 8
2 14
3 2
3 4
3 6
3 -8
3 -10
3 11
4 6
4 -7
4 -14
5 1
5 -3
5 -4
5 -11
6 4
7 3
7 4
7 5
8 1
8 4
8 -7
8 8
8 -12
8 14
9 2
9 7
9 8
9 12
9 13
10 4
10 -8
11 -2
11 5
11 -6
12 1
12 3
12 -5
12 12
13 1
13 -5
13 6
13 11
13 -12
13 -13
13 -15
14 -2
14 5
14 12
14 14
14 -15
15 -8
15 15
16 60
1 -2
1 10
2 -2
2 4
2 -6
4 -8
4 -10
4 -13
5 -3
5 7
6 -2
6 3
6 -5
6 -6
6 7
6 10
6 11
6 13
7 -5
7 -8
7 -9
7 15
8 -9
8 14
9 -1
9 -2
9 7
9 8
9 13
9 15
10 3
10 5
10 8
10 -15
10 -16
11 -4
11 5
11 9
11 14
11 15
12 -7
12 10
12 -12
12 15
12 -16
13 -1
13 3
13 -10
13 -14
13 -15
14 5
14 -6
15 -2
15 -8
15 11
15 14
16 -8
16 11
16 -13
16 -14
17 76
1 -3
1 9
1 12
2 -6
2 9
2 10
2 -14
2 -17
3 -1
3 10
3 -13
3 14
5 1
5 13
5 -15
6 4
6 -5
6 8
6 10
6 -14
6 16
6 -17
7 -1
7 4
7 -9
7 10
7 -14
7 17
8 -3
8 5
8 -8
8 9
8 10
8 -11
8 13
8 16
8 -17
9 -4
9 -5
9 -10
9 11
10 -7
10 -12
10 15
10 17
11 9
11 13
11 -15
12 2
12 3
12 10
12 -14
12 -16
13 -2
13 5
13 -6
13 -11
13 13
13 -17
14 6
14 -10
15 1
15 6
15 10
15 -12
15 13
16 -2
16 -3
16 -4
16 6
16 -9
17 2
17 8
17 -11
17 -15
17 -16
18 73
1 2
1 -8
1 9
1 -10
1 -12
1 -18
2 -3
2 -10
2 11
2 12
2 13
2 -14
2 -16
2 -18
3 -6
3 -9
3 -11
3 13
4 -6
4 16
5 10
5 11
6 -5
6 11
6 -18
7 -6
7 -9
7 -14
7 16
8 -5
8 -7
8 -15
8 -16
10 -1
10 4
10 -11
10 -15
10 17
11 2
11 -6
11 14
12 1
12 3
12 -7
12 8
12 -11
12 -15
12 -16
12 18
13 -1
13 -2
13 -6
13 9
13 -13
14 -3
14 -4
14 5
14 7
14 -15
15 3
15 4
15 5
15 -8
15 -12
15 -17
16 -2
16 16
17 8
17 10
17 -15
17 16
18 -5
18 14
19 84
1 -2
1 -9
1 11
2 -5
2 -6
2 7
2 9
2 -10
3 -2
3 -4
3 10
3 -18
4 2
4 4
4 7
4 -9
4 -14
5 -4
5 -11
5 12
5 13
5 -18
6 4
6 -6
6 -7
6 8
7 -4
7 5
7 9
7 12
7 -15
7 16
8 1
8 6
8 -9
8 -19
9 1
9 4
9 7
9 -12
9 13
9 19
10 -1
10 9
10 10
10 -14
11 11
11 14
11 -17
11 -18
11 -19
12 3
13 -2
13 8
13 9
13 15
14 2
14 4
14 7
14 -14
14 15
15 1
15 -7
15 9
15 -12
15 -13
15 15
15 19
16 2
16 -11
16 17
16 -19
17 -1
17 -4
17 17
17 -19
18 -6
18 13
18 -18
18 -19
19 -1
19 10
19 -11
19 15
20 96
1 2
1 -5
1 6
1 -8
1 -15
1 16
2 8
2 -14
2 -17
2 -18
2 -19
3 -3
3 -4
3 -7
3 -16
4 -6
4 -9
4 -17
4 -19
4 20
5 -5
5 -12
5 -13
5 -15
5 -16
5 17
6 -3
6 -5
6 7
6 8
6 -14
6 17
7 -2
7 -12
8 9
8 11
8 -17
8 20
9 -2
9 7
9 8
9 -14
9 15
9 17
9 -19
10 -10
10 -12
10 15
10 -18
11 -1
11 -8
11 9
12 3
12 -5
12 11
12 13
12 -14
12 -15
12 19
13 9
13 -12
13 15
13 -17
13 -18
13 -19
13 -20
14 -2
14 -4
14 -12
14 -13
14 14
15 1
15 -7
15 -8
15 11
16 -4
16 -12
16 17
16 20
17 -4
17 8
17 -13
18 3
18 -5
18 -6
18 9
18 13
18 14
19 -1
19 -11
19 -13
19 17
19 -19
19 -20
20 1
20 8
21 112
1 6
1 -9
1 -15
1 -16
1 18
1 -19
1 -20
2 9
2 -11
2 -15
2 -19
3 2
3 -3
3 -6
3 11
3 -14
3 18
3 19
3 -20
4 -1
4 -17
4 -18
4 20
4 21
5 -2
5 3
5 -7
5 16
6 -2
6 4
6 8
6 -17
6 -21
7 7
7 -11
7 12
7 15
7 18
7 20
8 7
8 14
8 20
9 -1
9 2
9 3
9 -4
9 6
9 -10
9 11
9 -12
9 -16
9 -17
9 21
10 -2
10 -8
10 -13
10 -15
11 2
11 5
11 7
11 12
11 13
11 -15
11 -17
11 -18
12 4
12 -5
12 6
12 -8
12 10
12 -12
12 -15
12 -20
13 2
13 -17
13 -18
14 6
14 -7
14 -10
14 -12
14 -17
15 -4
15 -6
15 -10
15 -20
16 1
16 8
16 -10
17 -11
17 -19
17 -20
17 -21
18 7
18 -20
19 -1
19 -4
19 8
19 11
19 12
20 5
20 -6
20 -7
20 8
20 -10
20 -18
21 -2
21 3
21 -5
21 -6
21 10
21 18
21 21
22 116
1 2
1 -4
1 6
1 -8
1 -17
1 20
2 -4
2 -7
2 8
2 16
2 18
3 2
3 -5
3 11
3 17
3 -19
4 3
4 -6
4 8
4 -16
5 3
5 -4
5 -6
5 -16
5 -17
5 19
6 1
6 8
6 -10
6 14
6 15
7 1
7 10
7 16
7 -19
7 20
7 -21
8 8
8 12
8 16
8 20
8 21
9 6
9 -12
9 13
9 -18
9 20
9 22
10 2
10 4
10 -12
11 6
11 -8
11 17
11 -18
11 -20
12 -3
12 20
13 -1
13 3
13 -8
13 -9
13 -17
13 -18
14 1
14 2
14 8
14 -10
14 18
14 22
15 13
15 21
16 -4
16 10
16 -13
16 14
16 18
16 19
16 20
17 -1
17 -3
17 7
17 11
17 -13
17 14
17 -16
17 21
18 2
18 6
18 9
18 12
18 21
19 1
19 -11
19 -14
19 -20
20 2
20 12
20 21
21 1
21 -5
21 -7
21 8
21 -9
21 -10
21 -11
21 -22
22 -6
22 -7
22 8
22 -12
22 15
22 16
22 17
22 -18
22 -19
23 123
1 -4
1 -10
1 -18
1 20
2 -2
2 5
2 -12
2 -16
2 -19
2 -22
2 -23
3 -1
3 -8
3 15
3 -22
4 -1
4 -2
4 14
4 16
5 -6
5 -18
5 20
6 3
6 -12
6 -14
6 -16
7 -4
7 -8
7 9
7 -15
7 19
7 -20
8 -6
8 -13
8 15
8 16
8 -19
8 20
8 -22
8 23
9 -7
9 -8
9 -10
9 -14
9 -17
9 -23
10 3
10 -9
10 -10
10 -12
10 -13
10 14
10 19
11 5
11 -6
11 -9
11 -19
12 1
12 -3
12 5
12 13
12 15
13 2
13 -3
13 4
13 18
13 -19
13 20
14 6
14 15
14 -23
15 2
15 3
15 4
15 6
15 -21
16 -5
16 -6
16 -10
16 -11
16 -14
17 1
17 -8
17 11
17 13
17 -15
17 -16
17 17
18 4
18 -12
18 -15
18 -22
18 23
19 15
19 17
19 -20
20 1
20 -4
20 -5
20 11
20 17
20 -23
21 -7
21 14
21 17
21 19
21 20
22 -7
22 -9
22 -15
22 -17
22 -19
22 -20
23 -4
23 -6
23 8
23 10
23 -12
23 -15
23 -17
23 18
23 -19
23 21
24 152
1 19
1 20
1 24
2 1
2 -2
2 4
2 9
2 12
2 13
2 -15
2 19
2 -21
2 -23
3 5
3 -6
3 -18
3 -20
3 24
4 6
4 15
4 -17
4 20
5 -7
5 9
5 -13
5 -16
5 -19
6 -1
6 -2
6 8
6 9
6 11
6 15
6 -18
6 22
7 -6
7 12
8 1
8 -4
8 10
8 11
8 16
8 17
8 -20
8 -22
9 -2
9 8
9 -9
9 -23
9 24
10 -2
10 -9
10 -10
10 -17
10 -21
10 -23
10 24
11 -1
11 -6
11 11
11 13
11 15
11 -17
11 20
11 -21
12 -5
12 24
13 1
13 -2
13 -4
13 -7
13 -9
13 11
13 17
13 -18
13 -22
13 -24
14 -1
14 -2
14 -6
14 -7
14 -9
14 13
14 -15
14 -19
14 -20
15 7
15 -9
15 -15
15 -23
16 -1
16 4
16 -21
16 -22
16 24
17 -4
17 5
17 11
17 -13
17 -14
17 -22
17 23
18 2
18 3
18 5
18 -9
18 15
18 -22
19 1
19 5
19 -11
19 20
19 -21
19 -24
20 1
20 9
20 14
20 -22
21 -2
21 -5
21 9
21 13
21 16
21 20
21 21
21 24
22 -1
22 -9
22 -11
22 -14
22 16
22 18
22 19
22 -20
22 -21
22 -22
22 -23
22 -24
23 -4
23 6
23 11
23 12
23 15
23 22
24 4
24 11
24 12
24 -13
24 16
24 -18
24 22
24 -23
0 0 
