1 0
2 0
3 1
2 -1
4 1
2 -3
5 3
1 4
1 -5
5 -5
6 3
1 -1
2 -1
4 -5
7 9
1 3
3 1
4 4
4 6
5 -1
5 -3
6 -1
6 -3
7 -3
8 7
1 -6
2 1
2 -4
5 2
6 6
7 -3
7 -4
9 12
1 4
1 -7
1 -9
2 -4
4 1
4 -6
5 5
7 5
8 1
8 -8
9 -1
9 -5
10 14
1 -5
3 -2
3 6
3 10
4 2
5 2
5 -3
5 10
7 9
8 2
8 -4
8 9
10 8
10 10
11 11
1 2
1 -10
5 2
5 -7
6 -6
7 -1
7 6
9 -6
10 -8
11 -2
11 -11
12 17
1 -7
2 -6
2 9
3 -6
3 -9
4 7
4 -10
5 -5
6 9
7 -4
7 11
8 10
9 -2
9 4
10 -12
11 3
12 12
13 21
1 -13
2 3
2 4
3 -5
4 -7
5 6
5 7
5 -13
6 -2
6 3
6 -8
6 -9
6 -13
8 1
8 6
8 10
9 -10
11 -12
12 7
13 -3
13 9
14 29
1 1
1 -14
2 -2
2 -4
3 -3
3 10
4 -5
4 -7
5 1
5 -6
6 -7
7 -2
7 4
7 -7
7 -10
7 -14
9 6
9 -14
10 -5
11 -6
11 -8
11 12
12 11
12 12
12 13
13 -7
13 11
13 -14
14 -9
15 24
1 1
2 -1
3 2
3 -9
3 11
4 -15
5 13
6 -5
6 -14
7 1
7 -2
8 4
8 10
9 3
10 -8
10 -13
11 10
13 8
13 -12
14 7
14 -10
15 1
15 4
15 -12
16 36
1 11
1 13
1 14
3 3
3 9
3 -16
4 9
5 1
5 4
5 10
5 14
6 1
6 -2
6 -5
6 9
7 4
7 -5
8 10
9 9
10 13
10 14
11 -3
11 14
12 1
12 -4
13 -8
13 -11
14 -3
15 -1
15 -15
16 1
16 -2
16 -3
16 -6
16 -11
16 12
17 32
1 1
2 -9
3 -5
4 6
4 11
4 -14
4 -15
5 4
5 -14
6 -1
6 -7
6 12
7 -5
8 -5
8 -6
10 5
10 -10
11 -4
11 -6
12 1
13 -1
13 -2
13 -16
15 10
15 13
15 -16
16 3
16 -8
16 -16
16 17
17 -12
17 16
18 48
1 -9
1 10
2 -10
3 1
3 -2
3 -3
3 13
4 -6
4 13
4 -15
5 -1
5 -2
5 -10
6 12
6 13
7 -9
7 -14
7 17
7 -18
8 -4
8 -7
8 -10
8 12
9 4
9 -13
10 4
10 -15
10 -18
11 9
11 -11
12 6
13 16
14 1
14 -4
14 6
14 7
14 -13
14 -14
14 16
15 -2
16 -14
17 5
17 16
17 -17
18 -2
18 -7
18 11
18 18
19 48
1 -1
1 -5
1 18
2 7
2 -9
2 -12
2 13
2 18
3 -9
3 16
5 10
5 -17
6 2
6 5
6 6
6 8
6 -12
7 3
7 6
8 4
8 -7
8 14
8 18
9 -1
9 2
9 12
10 1
10 -15
10 19
11 12
12 14
12 15
12 -16
12 -19
13 19
14 7
14 15
14 16
14 -18
15 -6
15 -15
16 11
16 -13
18 -3
18 -12
19 -4
19 -11
19 -17
20 45
1 -4
1 -5
1 7
1 -18
3 -1
3 -5
3 -8
3 9
3 11
5 -7
6 10
6 11
6 13
7 -3
7 10
7 12
9 7
10 -9
10 17
11 11
11 -17
12 -17
13 16
14 3
14 -14
14 -15
15 -10
15 -13
15 20
16 2
16 -14
17 -7
17 -9
17 -14
17 -15
17 -16
18 -1
18 6
18 10
19 -6
19 12
20 2
20 -10
20 -13
20 20
21 44
1 7
1 14
1 17
1 21
2 -6
2 -16
3 6
3 9
3 -20
4 8
4 13
4 -19
4 20
5 4
5 -11
5 -19
6 -7
6 -11
7 -3
7 -6
7 7
7 -12
7 -14
8 -5
8 -11
8 13
9 14
10 -15
10 19
11 4
12 -7
14 -12
14 18
15 2
16 -16
16 -17
16 -19
18 12
19 -3
19 7
19 -18
20 -2
21 14
21 -21
22 60
1 19
1 -20
2 -11
2 13
2 15
3 8
3 9
3 -10
3 14
4 -4
4 13
5 -7
5 -21
5 -22
6 3
7 -13
7 -15
7 16
7 21
8 6
8 15
9 9
9 12
10 -20
11 6
11 7
11 -9
11 13
11 -16
11 -17
11 19
11 -21
12 1
12 5
12 -13
12 -19
12 -22
13 17
13 21
14 -6
14 12
14 22
15 12
15 -13
15 -15
17 12
17 -19
18 3
18 -8
18 -9
18 -13
18 16
19 -6
19 7
19 13
19 21
20 -7
21 -4
22 17
22 20
23 73
1 4
1 17
1 -22
2 -4
2 5
2 7
2 -12
2 17
2 23
3 -12
3 15
5 -5
5 -7
5 8
5 11
5 -19
5 21
5 -22
6 3
6 -4
6 12
6 -14
7 5
7 -9
7 13
7 -14
7 -18
9 -4
9 5
9 -11
9 -12
10 20
11 1
11 -4
11 -19
11 -22
12 5
12 18
12 -19
13 15
13 -19
14 11
15 -6
15 8
15 -15
15 -19
16 -2
16 4
16 -5
16 -11
16 13
16 18
17 -9
17 -12
17 -16
19 2
19 -7
19 8
19 13
19 23
20 2
20 -8
20 -12
21 10
21 -19
22 -7
22 16
23 -5
23 6
23 -7
23 9
23 -12
23 22
24 77
1 -17
1 -21
2 -4
2 5
2 7
2 -11
2 20
2 24
3 3
3 -5
3 -9
3 14
3 16
3 -18
4 -4
4 16
4 -18
5 5
5 -16
5 24
6 -12
6 17
6 22
6 24
7 4
7 16
8 -5
8 -19
8 -20
9 23
10 -4
10 -5
10 -8
10 -11
10 16
10 -18
10 23
11 1
11 4
11 14
12 1
12 -8
12 11
12 -14
12 -18
13 5
13 9
13 17
13 -22
14 9
14 24
15 1
15 -6
15 -10
15 22
15 -23
16 -10
16 12
17 -22
17 -24
18 -3
18 -24
20 4
20 14
21 1
21 2
21 -4
21 20
21 24
22 -2
22 13
23 2
23 -16
24 -9
24 -18
24 -21
24 22
0 0 
