1 1
1 1
2 2
1 2
2 -2
3 1
2 2
4 5
2 1
2 4
4 -1
4 2
4 3
5 8
1 -2
1 5
2 -5
3 3
3 -5
4 5
5 1
5 5
6 11
1 -2
2 -2
2 3
3 3
4 -1
4 3
4 4
5 1
5 2
5 6
6 -2
7 14
1 -1
1 -6
2 -3
3 4
3 7
4 3
5 -4
5 5
6 1
6 -2
6 4
6 5
6 7
7 3
8 17
1 1
1 6
2 2
3 -1
3 8
4 -1
4 4
4 -5
4 7
6 -7
6 8
7 -5
7 -7
8 1
8 3
8 4
8 5
9 20
1 3
1 4
1 5
1 6
1 8
2 1
2 3
2 4
2 9
3 8
4 4
4 -5
4 9
5 -3
5 -6
5 9
6 -2
7 7
8 5
9 9
10 29
1 6
1 10
2 -1
2 2
2 -6
2 -7
2 9
3 1
3 3
3 7
4 8
4 10
5 1
5 6
6 4
6 9
6 10
7 3
7 6
7 9
8 2
9 2
9 7
9 -10
10 2
10 5
10 7
10 9
10 10
11 27
1 3
1 7
1 -9
1 -11
2 2
2 3
2 -4
2 6
2 -7
2 9
3 -2
4 1
4 -11
5 -5
6 2
6 7
6 8
6 11
7 4
7 -9
8 4
8 11
9 9
10 4
11 1
11 -2
11 6
12 40
1 6
1 -7
1 9
2 4
2 -6
2 7
2 8
3 1
3 -3
3 -4
3 6
3 7
3 8
3 9
4 5
4 6
4 11
5 -1
5 5
6 1
6 4
6 7
7 10
8 3
8 9
8 11
8 12
9 -4
9 5
9 8
9 11
10 -3
10 12
11 3
11 4
11 5
11 7
11 11
12 5
12 -10
13 41
1 2
1 3
1 11
1 12
2 5
2 8
2 -9
2 10
3 1
3 -3
3 8
4 -5
4 7
4 9
5 2
5 7
5 -8
5 9
5 -11
5 12
5 -13
6 -10
7 7
7 11
7 12
8 6
9 1
9 11
10 4
10 9
11 2
11 5
11 -9
12 2
12 3
12 6
12 10
12 11
12 12
13 5
13 9
14 51
1 5
1 10
1 13
2 8
2 -10
2 -12
2 13
2 14
3 -3
3 7
3 8
4 3
4 4
4 5
4 12
4 13
5 4
5 7
5 13
6 1
6 8
6 14
7 4
7 7
7 10
7 11
7 13
8 6
8 -11
8 14
9 6
9 11
9 13
9 14
10 8
10 10
11 1
11 3
11 4
11 8
11 -13
12 12
12 13
13 -6
14 2
14 4
14 7
14 11
14 12
14 13
14 14
15 44
1 3
1 5
1 9
1 15
2 -1
2 -2
2 10
3 -3
3 11
3 -13
4 1
4 -5
5 1
5 12
7 7
7 8
7 15
8 3
8 5
8 7
8 14
9 2
9 4
9 7
10 10
10 -13
10 -14
11 -3
11 5
11 6
11 10
11 11
12 4
12 -5
12 7
12 9
13 -5
13 7
13 9
14 2
14 4
14 10
14 -13
15 -12
16 69
1 1
1 9
1 13
1 -14
2 7
2 8
2 -11
2 13
2 14
2 16
3 1
3 6
3 7
3 -9
3 13
3 16
4 -2
4 -5
4 7
5 1
5 4
5 8
5 -9
5 14
6 13
7 -1
7 3
7 9
7 11
8 -2
8 8
8 9
8 11
9 -2
9 -3
9 -4
9 6
9 12
10 6
10 7
10 -11
10 13
10 16
11 8
11 -12
12 2
12 5
12 8
12 -9
12 10
12 -12
12 15
12 16
13 1
13 -4
13 10
13 12
13 13
14 2
14 10
15 2
15 7
15 9
15 -10
16 2
16 -3
16 8
16 13
16 -14
17 66
1 -2
1 6
1 7
1 -14
2 1
2 3
2 4
2 8
2 13
2 14
3 4
3 5
3 -6
3 13
4 3
4 5
4 10
4 -16
5 1
5 4
5 7
5 13
5 15
6 -1
6 6
6 10
6 14
7 1
7 3
7 6
7 8
7 10
7 -13
7 16
8 -1
8 3
9 -10
9 11
9 -15
10 5
10 12
11 1
11 7
11 -8
11 9
11 -10
11 -17
12 7
12 9
12 13
13 -6
13 7
13 10
13 17
14 2
14 4
14 11
14 13
14 14
15 11
16 8
16 13
16 -14
16 15
17 7
17 -15
18 75
1 5
1 -8
1 11
1 13
1 15
1 17
2 -4
2 7
2 13
2 14
2 -15
2 18
3 -2
3 5
3 -12
3 16
4 14
4 17
5 2
5 6
5 -7
5 11
5 14
5 -15
5 18
6 6
6 18
7 1
7 3
7 11
8 5
8 -9
8 -14
9 1
9 2
9 4
9 11
10 5
10 7
10 11
10 13
11 4
11 11
11 -17
11 18
12 5
12 6
12 -7
12 -8
12 11
13 1
13 -3
13 -4
13 5
13 8
13 -11
13 18
14 -3
14 6
14 11
14 12
14 17
14 18
15 5
15 10
16 3
16 -5
16 10
16 14
17 2
17 8
17 -11
17 -18
18 1
18 10
19 90
1 7
1 9
1 -11
1 -18
2 8
2 -18
3 10
3 14
3 18
3 -19
4 4
4 5
4 14
5 1
5 -2
5 -3
5 10
5 -15
5 17
6 3
6 5
6 -6
6 10
6 -11
7 -2
7 4
7 5
7 12
7 13
7 -15
7 -16
7 -17
8 -3
8 -6
8 -12
8 16
8 18
9 4
9 10
9 -12
10 4
10 14
10 16
10 18
10 19
11 -1
11 4
11 -6
11 -13
11 14
11 17
12 -3
12 -7
12 13
12 15
13 9
14 1
14 3
14 -12
14 14
14 -18
15 1
15 2
15 7
15 -13
15 17
15 18
15 19
16 2
16 -4
16 9
16 13
16 17
16 18
17 3
17 6
17 9
17 13
17 16
17 -17
17 19
18 2
18 9
18 12
18 -18
18 -19
19 -6
19 -8
19 12
19 -19
20 106
1 2
1 3
1 4
1 5
1 8
1 9
1 11
1 19
2 4
2 5
2 -8
2 13
2 18
2 20
3 2
3 7
3 -9
3 -11
3 13
3 19
3 -20
4 -1
4 3
4 8
4 15
4 -18
5 1
5 6
6 4
6 7
6 15
7 7
7 12
7 15
7 16
7 19
8 2
8 16
8 19
9 1
9 5
9 11
9 -16
9 -19
10 1
10 3
10 4
10 6
10 10
10 18
11 -1
11 5
11 -6
11 -8
11 11
11 -14
11 17
11 20
12 7
12 9
12 17
12 19
13 -1
13 2
13 8
13 9
13 13
13 -15
13 17
13 18
13 -19
14 6
14 7
14 9
14 -15
15 6
15 7
15 14
15 16
15 17
16 1
16 -4
16 -9
16 11
16 12
16 13
17 2
17 5
17 6
17 13
18 2
18 3
18 6
18 8
18 10
18 17
18 19
19 4
19 7
19 14
19 -15
19 -16
19 -19
20 -5
20 8
20 16
21 113
1 -1
1 -4
1 5
1 13
1 14
1 -19
1 20
2 7
2 -8
2 9
2 12
2 13
2 15
2 17
3 1
3 -5
3 9
3 11
3 14
3 19
4 2
4 -4
4 8
4 9
4 15
5 6
5 7
5 21
6 1
6 8
6 -9
6 -11
6 21
7 -8
7 9
7 10
7 12
7 13
7 -17
7 18
7 -20
8 3
8 5
8 8
8 -10
8 11
8 15
8 -17
8 18
8 19
8 -21
9 7
9 12
9 -20
9 21
10 -5
10 10
10 11
10 12
11 12
11 14
11 16
11 21
12 1
12 7
12 8
12 19
13 3
13 5
13 -8
13 19
14 -8
14 12
14 13
15 -10
15 12
15 19
16 1
16 3
16 4
16 -5
16 9
16 -16
16 17
16 18
16 20
17 3
17 -12
18 1
18 9
18 15
18 -16
18 19
18 21
19 1
19 2
19 5
19 -6
19 -18
19 -19
19 -20
20 7
20 9
20 -15
20 -16
20 18
20 -20
21 1
21 6
21 8
21 12
21 13
21 -17
22 121
1 5
1 19
2 3
2 -4
2 11
2 14
2 -16
2 17
2 22
3 -12
3 16
3 20
3 22
4 4
4 -7
4 10
4 11
4 -12
4 18
4 -22
5 6
5 -9
5 10
5 13
5 16
5 17
5 21
6 3
6 -5
6 6
6 -9
6 -14
6 15
6 19
7 5
7 8
7 9
7 10
7 -11
7 12
7 13
7 -20
8 3
8 4
8 5
8 7
8 8
8 -9
8 10
8 11
8 14
8 20
9 15
10 3
10 -5
10 -6
10 -7
10 9
10 17
10 18
10 22
11 -10
11 14
11 15
11 16
11 19
12 1
12 -7
12 -10
12 12
12 -19
13 5
13 -11
13 -20
13 -21
14 9
14 -13
15 4
15 5
15 -10
15 11
15 14
15 -20
16 1
16 8
16 -14
16 18
16 -21
17 -2
17 4
17 16
17 18
17 19
17 21
18 3
18 -5
18 6
18 19
19 5
19 -11
19 12
19 15
19 -22
20 1
20 3
20 -4
20 8
20 14
20 -20
21 5
21 7
21 17
22 3
22 4
22 5
22 8
22 10
22 -11
22 15
22 16
22 18
23 142
1 1
1 2
1 6
1 8
1 18
1 -21
2 7
2 11
2 12
2 -13
2 18
2 -19
2 21
2 22
3 3
3 6
3 7
3 13
3 -14
3 16
3 18
3 19
3 23
4 5
4 6
4 -7
4 -10
5 -1
5 -3
5 5
5 -6
5 14
5 15
5 17
5 20
6 5
6 14
6 -17
6 23
7 -5
7 6
7 7
7 -11
7 18
7 19
8 3
8 7
8 -8
8 -13
8 18
9 2
9 -6
9 10
9 -13
9 14
9 17
9 23
10 2
10 3
10 23
11 4
11 -7
11 10
11 -13
11 14
11 18
11 -21
12 4
12 -6
12 -9
12 -11
12 15
12 16
12 -23
13 5
13 -6
13 8
13 12
13 13
13 -14
13 22
14 4
14 -8
14 12
14 13
14 15
14 16
14 19
15 1
15 2
15 9
15 -14
15 18
15 20
16 -4
16 20
16 22
16 23
17 2
17 7
17 -14
17 17
17 19
17 22
18 1
18 -4
18 6
18 9
18 21
18 -22
18 23
19 8
19 12
19 18
19 21
19 22
20 3
20 4
20 6
20 8
20 -12
20 -14
20 15
20 18
20 20
20 -23
21 -4
21 5
21 9
21 -12
21 -15
21 18
22 4
22 -7
22 8
22 11
22 -12
22 14
22 20
23 -3
23 4
23 22
24 153
1 -4
1 -5
1 20
1 24
2 4
2 5
2 10
2 11
2 -15
2 -18
2 -21
2 22
2 24
3 2
3 -3
3 4
3 -8
3 10
3 11
3 -16
3 18
3 19
3 20
3 22
3 23
4 -3
4 5
4 9
4 11
4 14
4 18
4 19
4 20
4 22
4 24
5 11
5 18
5 21
6 1
6 3
6 5
6 8
6 -10
6 11
6 14
6 -22
6 23
6 -24
7 1
7 -3
7 4
7 -9
7 12
7 13
7 14
7 15
7 21
8 6
8 12
8 15
8 20
8 22
9 6
9 8
9 11
9 -12
9 13
9 15
9 23
9 24
10 2
10 5
10 15
10 -21
11 -15
11 19
11 22
12 3
12 9
12 11
12 13
12 -14
13 1
13 3
13 4
13 6
13 7
13 -17
13 23
14 13
15 1
15 2
15 -10
15 17
15 20
15 21
15 -22
15 23
16 3
16 12
16 -14
16 17
16 18
17 3
17 -4
17 5
17 9
17 10
17 -14
17 15
17 17
17 20
17 21
17 -22
18 -1
18 -2
18 7
18 8
18 15
18 24
19 2
19 10
19 15
19 18
19 23
19 -24
20 5
20 8
20 -11
20 12
20 14
20 -21
21 4
21 6
21 -7
21 -15
21 18
21 22
22 3
22 5
22 -8
22 10
22 -12
22 15
23 3
23 -4
23 -17
23 18
24 -6
24 11
24 19
24 20
24 24
0 0 
