1 0
2 0
3 0
4 2
1 -4
4 -4
5 2
1 -2
1 -5
6 2
1 -3
5 -2
7 3
1 -4
3 -2
6 -6
8 2
4 -2
4 -8
9 7
2 -5
3 -5
4 -5
6 -6
7 -4
8 -7
9 -3
10 14
1 -1
1 -4
1 -5
1 -10
2 -3
2 -10
3 -10
6 -5
8 -3
8 -5
9 -3
9 -9
10 -2
10 -4
11 8
1 -7
2 -1
4 -9
6 -4
6 -7
7 -5
7 -7
8 -9
12 12
1 -6
2 -5
2 -9
3 -11
3 -12
4 -7
5 -11
6 -12
7 -1
10 -4
11 -12
12 -9
13 21
1 -1
1 -7
1 -10
1 -12
3 -13
4 -3
5 -2
5 -9
6 -1
6 -5
6 -7
7 -9
9 -1
9 -12
10 -11
10 -12
11 -1
11 -12
12 -4
13 -8
13 -10
14 17
1 -4
1 -8
2 -6
4 -12
6 -7
6 -9
7 -2
7 -9
8 -7
8 -8
10 -7
10 -13
10 -14
11 -5
12 -7
13 -7
13 -14
15 24
1 -2
1 -4
3 -8
3 -15
4 -5
5 -2
5 -10
5 -14
6 -10
7 -2
7 -3
8 -10
8 -12
9 -1
10 -3
11 -10
12 -2
12 -3
12 -4
12 -5
12 -7
14 -6
14 -15
15 -1
16 24
1 -12
2 -3
2 -4
3 -6
4 -3
4 -7
4 -11
6 -12
7 -9
7 -15
8 -2
8 -5
8 -13
9 -4
11 -12
11 -15
13 -1
13 -3
13 -13
14 -6
14 -7
14 -8
15 -13
16 -16
17 31
1 -9
1 -17
3 -1
3 -3
4 -6
4 -13
4 -16
5 -4
5 -8
5 -17
6 -8
7 -1
7 -3
7 -13
7 -14
7 -16
8 -9
8 -13
9 -1
9 -4
11 -5
11 -13
13 -7
14 -5
15 -6
15 -8
15 -10
15 -15
16 -1
16 -15
17 -4
18 27
1 -1
1 -13
1 -18
2 -5
3 -2
3 -6
3 -17
4 -10
5 -4
5 -5
5 -16
5 -17
7 -1
8 -7
8 -9
9 -11
9 -18
11 -7
11 -9
11 -18
12 -14
14 -7
15 -8
17 -1
17 -5
18 -6
18 -11
19 40
1 -12
2 -4
2 -10
3 -3
3 -16
4 -5
5 -7
5 -19
6 -12
6 -16
7 -1
7 -4
7 -7
7 -9
8 -3
8 -5
8 -17
8 -19
9 -7
9 -18
10 -8
10 -13
10 -16
10 -19
13 -13
13 -16
14 -1
14 -8
14 -13
15 -3
15 -9
15 -14
16 -1
16 -6
16 -15
17 -3
17 -9
18 -14
19 -1
19 -11
20 45
1 -13
1 -14
1 -18
2 -10
3 -1
3 -2
3 -4
3 -5
4 -1
4 -5
4 -19
5 -7
5 -19
6 -16
6 -19
7 -7
8 -3
8 -5
8 -11
9 -12
9 -14
9 -16
10 -5
10 -9
11 -9
11 -11
12 -8
13 -3
13 -4
13 -12
13 -17
14 -5
14 -20
15 -2
15 -5
15 -10
15 -13
16 -13
16 -17
17 -2
17 -5
18 -8
18 -13
19 -13
20 -15
21 45
1 -3
1 -9
1 -13
2 -4
2 -20
3 -3
3 -4
3 -6
3 -19
4 -5
4 -6
4 -9
5 -18
6 -19
7 -8
7 -13
7 -20
8 -2
8 -7
10 -3
10 -16
10 -17
10 -18
13 -20
14 -4
14 -6
14 -8
14 -12
14 -14
14 -17
14 -19
14 -21
15 -7
15 -9
16 -13
16 -14
16 -19
17 -19
18 -13
18 -15
18 -16
19 -2
20 -10
21 -2
21 -21
22 45
1 -4
1 -5
1 -13
3 -6
4 -6
4 -7
4 -17
4 -21
4 -22
5 -13
5 -16
6 -5
6 -17
6 -20
7 -10
7 -11
8 -8
8 -18
8 -20
9 -13
10 -1
10 -7
10 -12
11 -5
11 -11
12 -14
13 -1
13 -10
14 -5
14 -7
14 -10
14 -17
14 -18
16 -12
16 -18
17 -3
17 -10
18 -1
18 -5
19 -6
19 -16
20 -7
21 -4
21 -6
22 -14
23 62
1 -3
1 -7
1 -20
2 -3
2 -5
3 -2
3 -8
3 -12
3 -15
3 -16
4 -1
4 -6
4 -10
5 -4
5 -7
5 -12
5 -13
5 -14
5 -18
6 -6
6 -12
6 -19
7 -13
7 -22
8 -12
8 -21
8 -22
9 -1
9 -8
9 -22
10 -4
10 -14
11 -1
11 -22
12 -3
12 -5
13 -3
14 -7
14 -20
15 -6
15 -8
15 -11
16 -3
16 -9
16 -17
16 -22
16 -23
17 -4
17 -16
18 -3
18 -16
19 -1
19 -13
20 -4
20 -7
20 -16
22 -3
22 -4
22 -5
22 -10
22 -13
22 -21
24 74
1 -1
1 -2
1 -3
1 -10
1 -13
1 -18
2 -5
2 -8
2 -15
2 -17
3 -3
3 -13
3 -16
3 -17
4 -2
4 -8
4 -11
4 -23
5 -18
6 -10
6 -20
7 -24
8 -7
9 -17
10 -10
10 -11
11 -8
11 -13
12 -2
12 -6
13 -1
13 -11
13 -16
13 -18
14 -6
14 -12
15 -15
15 -19
17 -7
17 -11
17 -12
17 -13
17 -14
17 -17
17 -19
18 -1
18 -14
18 -21
19 -1
19 -5
19 -8
19 -10
19 -13
19 -15
19 -17
19 -20
20 -8
20 -10
20 -16
20 -17
20 -22
21 -12
22 -3
22 -4
22 -9
22 -11
22 -23
23 -3
23 -4
23 -8
24 -2
24 -5
24 -10
24 -15
25 72
1 -8
1 -17
2 -3
2 -12
2 -16
3 -15
4 -6
4 -17
4 -21
5 -6
5 -19
6 -17
7 -10
7 -13
7 -19
7 -20
7 -23
8 -2
8 -8
8 -25
9 -2
10 -11
10 -24
11 -17
11 -23
11 -25
12 -1
12 -7
12 -13
12 -17
12 -19
12 -21
13 -6
13 -10
13 -13
14 -4
14 -12
14 -13
14 -18
15 -10
15 -17
16 -3
16 -6
16 -15
16 -19
16 -24
17 -1
17 -6
17 -15
18 -5
18 -7
19 -5
19 -20
20 -4
20 -9
20 -10
20 -18
20 -19
20 -21
20 -25
21 -3
21 -14
22 -5
22 -9
23 -11
23 -21
23 -22
24 -11
25 -18
25 -21
25 -22
25 -24
26 69
1 -21
2 -6
2 -7
3 -23
4 -9
4 -14
4 -19
5 -9
5 -11
5 -21
5 -24
7 -12
7 -20
8 -4
8 -16
9 -14
9 -24
11 -4
11 -7
11 -15
11 -24
12 -3
12 -10
12 -16
12 -20
12 -21
13 -1
13 -4
13 -9
13 -11
13 -14
13 -17
14 -11
14 -13
14 -17
14 -19
15 -23
16 -8
16 -12
16 -16
16 -19
17 -8
17 -10
17 -16
18 -8
19 -3
19 -12
19 -13
19 -24
20 -4
20 -8
20 -12
20 -14
21 -6
21 -17
22 -7
22 -22
23 -13
23 -21
24 -1
24 -2
24 -5
24 -14
25 -8
25 -14
25 -15
25 -19
26 -3
26 -23
27 80
1 -4
1 -13
1 -22
2 -3
2 -14
2 -16
2 -24
2 -26
2 -27
3 -6
3 -23
4 -7
4 -20
4 -21
4 -23
4 -27
5 -1
5 -4
5 -9
5 -13
5 -17
5 -25
6 -4
6 -20
7 -14
8 -1
8 -13
9 -8
9 -16
10 -1
10 -14
11 -14
11 -22
12 -16
13 -9
13 -26
14 -10
14 -20
14 -26
15 -13
16 -2
16 -3
16 -19
16 -20
16 -23
16 -25
17 -10
17 -12
17 -21
18 -7
18 -9
18 -17
18 -18
19 -2
19 -6
19 -21
20 -4
20 -10
21 -8
21 -18
21 -21
22 -3
22 -16
22 -24
22 -25
22 -26
23 -14
23 -16
23 -20
24 -1
24 -11
25 -6
25 -10
25 -13
25 -15
25 -23
26 -10
26 -20
26 -26
27 -7
28 77
1 -5
1 -10
2 -7
3 -16
3 -22
3 -24
4 -10
4 -28
5 -7
5 -14
5 -17
5 -22
5 -28
6 -3
6 -8
6 -16
6 -25
7 -5
7 -10
7 -15
7 -18
7 -27
7 -28
8 -4
8 -14
8 -23
8 -28
9 -9
9 -14
10 -5
10 -17
10 -23
10 -26
11 -3
12 -2
12 -4
12 -17
13 -6
13 -26
14 -22
14 -23
15 -1
15 -2
15 -27
16 -9
16 -11
16 -16
18 -3
18 -8
19 -17
19 -20
20 -1
20 -28
21 -3
21 -7
21 -15
21 -25
22 -9
22 -25
22 -26
23 -6
23 -18
23 -25
23 -28
24 -2
24 -4
24 -12
25 -25
27 -1
27 -6
27 -17
27 -20
27 -26
28 -1
28 -5
28 -9
28 -23
29 84
1 -14
1 -25
2 -6
2 -18
2 -22
2 -27
3 -2
3 -3
3 -4
3 -14
3 -20
4 -4
4 -5
4 -24
4 -27
5 -16
5 -19
5 -23
6 -12
6 -26
6 -27
6 -29
7 -5
7 -6
7 -8
8 -3
8 -18
8 -20
9 -2
9 -9
9 -15
9 -25
10 -1
10 -18
11 -1
11 -21
11 -24
12 -5
12 -8
12 -15
12 -19
12 -20
13 -11
13 -24
13 -25
13 -28
14 -5
14 -29
15 -27
16 -7
16 -15
17 -1
17 -18
17 -19
17 -24
18 -4
18 -14
19 -11
19 -12
19 -26
20 -3
20 -10
21 -15
21 -20
22 -8
22 -26
23 -8
23 -9
23 -16
23 -21
23 -26
24 -14
26 -3
26 -14
26 -22
27 -2
27 -10
27 -14
27 -18
27 -24
27 -27
28 -13
28 -21
29 -13
30 81
2 -3
2 -8
2 -26
3 -1
3 -4
3 -5
3 -6
3 -12
4 -3
4 -5
4 -12
4 -25
5 -1
5 -28
6 -21
6 -30
7 -1
7 -2
7 -4
7 -5
7 -16
7 -19
7 -21
8 -9
8 -24
8 -25
10 -2
10 -22
10 -26
10 -29
11 -1
11 -29
12 -4
12 -11
12 -13
12 -14
12 -20
13 -24
13 -26
13 -28
14 -8
14 -15
14 -24
15 -17
15 -25
15 -26
15 -27
16 -6
16 -18
16 -23
17 -30
18 -4
19 -4
19 -9
19 -26
20 -14
21 -3
21 -7
21 -25
22 -9
22 -11
23 -8
24 -10
24 -12
24 -15
24 -23
25 -13
25 -30
26 -20
26 -25
27 -23
28 -28
29 -6
29 -9
29 -26
30 -1
30 -3
30 -4
30 -7
30 -18
30 -27
0 0 
