1 0
2 0
3 1
3 2
4 2
1 4
3 1
5 2
4 3
5 5
6 4
1 5
2 1
3 1
3 5
7 2
2 3
5 7
8 5
3 1
3 3
4 7
5 2
5 4
9 11
1 3
1 4
1 6
2 8
3 6
3 8
5 6
5 9
7 2
8 1
9 1
10 15
1 1
1 4
1 5
2 3
2 6
3 3
3 9
4 8
5 8
7 2
8 5
8 7
9 4
9 6
10 6
11 15
1 7
2 1
2 5
2 11
3 10
4 6
5 6
6 8
7 7
9 2
9 6
9 9
9 11
10 1
10 8
12 17
2 9
2 11
3 9
3 10
3 11
4 1
4 7
5 9
6 4
7 2
7 12
8 5
9 12
11 3
11 8
12 4
12 7
13 23
1 6
1 11
1 13
2 1
2 6
3 3
3 6
3 8
3 9
3 12
3 13
5 6
6 1
6 7
6 10
6 12
7 9
7 13
8 5
8 6
9 12
10 7
13 2
14 28
1 3
2 4
2 7
2 11
3 3
3 7
4 6
5 3
5 8
5 14
6 1
6 2
7 9
8 1
8 14
9 1
9 6
9 8
9 10
9 14
10 4
10 9
12 3
12 4
13 2
14 1
14 7
14 11
15 17
3 7
3 14
4 1
5 7
7 14
7 15
9 6
10 1
10 11
11 12
12 4
13 5
13 7
13 9
13 11
15 7
15 13
16 35
2 5
2 15
4 5
4 6
4 9
4 14
5 2
6 8
6 14
6 15
7 5
7 9
7 15
8 4
8 7
8 10
8 15
9 9
10 4
10 7
10 10
11 5
11 6
11 9
11 10
12 2
12 8
12 10
13 9
13 16
14 11
14 12
15 5
15 6
16 2
17 34
1 6
2 14
2 17
3 4
3 7
3 9
4 7
4 16
5 5
5 13
6 4
6 8
6 13
8 3
8 10
8 17
9 1
9 15
10 17
11 10
11 17
12 1
12 9
12 11
12 12
12 17
13 8
13 17
14 1
14 5
15 5
16 6
16 10
17 3
18 41
1 5
1 11
1 14
1 18
2 6
2 17
3 8
4 7
4 17
5 4
6 14
7 5
7 17
8 4
9 1
9 4
9 7
9 8
9 12
10 11
10 16
10 17
12 9
12 10
12 16
13 2
13 3
14 13
14 14
14 18
15 8
15 11
16 2
16 6
16 7
16 11
16 13
16 18
17 10
17 17
18 16
19 37
1 9
3 9
4 4
4 15
5 5
5 18
6 1
6 8
6 12
6 13
7 4
7 7
7 8
7 11
8 1
8 6
8 11
8 19
10 10
11 5
11 7
11 12
12 6
12 11
14 6
14 8
14 17
15 3
15 9
15 13
15 17
17 8
18 3
18 13
19 6
19 12
19 15
20 43
1 13
3 2
3 11
4 8
4 10
5 1
5 4
5 12
5 13
5 20
6 1
7 16
8 5
8 15
10 1
10 3
10 4
10 14
11 4
11 7
11 8
11 14
11 15
11 17
12 8
13 3
13 7
14 4
14 8
14 9
14 19
15 10
15 14
15 16
16 5
16 12
16 20
17 3
18 1
18 14
18 15
19 7
19 16
21 53
2 12
2 15
2 19
2 20
3 1
3 3
3 20
3 21
4 1
4 14
4 16
5 6
5 12
5 19
5 21
6 10
7 8
7 14
7 19
8 9
8 21
9 5
9 14
9 18
10 6
10 11
10 12
10 14
11 17
11 21
13 3
13 11
13 21
14 15
14 18
14 20
16 8
16 15
16 19
17 14
17 15
18 6
18 8
18 16
19 1
19 5
19 10
19 12
19 20
20 7
21 7
21 9
21 19
22 74
1 5
1 6
1 17
1 19
1 21
2 12
2 13
2 14
2 18
3 1
4 4
4 8
4 20
5 7
5 10
5 20
6 3
6 14
6 16
7 10
7 22
8 1
8 3
8 15
9 1
9 7
9 18
9 20
10 4
10 5
10 9
10 13
11 9
11 10
11 11
11 15
11 19
11 22
12 1
12 8
12 11
12 15
13 1
13 11
13 15
13 20
14 3
14 5
14 8
15 2
15 5
15 15
15 18
15 19
15 22
16 17
16 20
17 2
17 12
18 8
18 15
18 16
18 22
19 7
19 14
20 1
20 7
20 11
20 19
21 11
22 6
22 9
22 13
22 21
23 70
2 6
2 14
2 18
2 19
4 6
4 7
4 16
4 18
4 20
5 1
5 16
6 4
6 8
6 10
6 16
7 12
7 13
7 18
8 18
9 4
9 19
9 21
10 9
10 14
10 15
10 17
10 21
10 22
10 23
11 11
11 18
11 19
12 2
12 3
12 11
13 6
13 17
14 19
14 20
14 22
15 2
15 21
16 6
16 13
16 20
17 2
17 6
17 9
17 23
18 7
18 11
18 14
18 17
18 22
18 23
19 2
19 22
20 5
20 9
20 21
20 22
21 1
21 2
21 8
21 13
22 19
22 22
22 23
23 16
23 21
24 71
1 8
1 15
1 24
2 4
2 6
2 12
2 18
3 7
3 21
3 22
3 23
3 24
5 5
5 6
5 10
5 11
5 20
6 11
6 17
7 6
7 15
8 12
8 13
8 23
9 4
9 11
9 12
9 20
10 11
10 19
11 7
12 8
12 14
12 21
13 12
13 16
14 1
14 5
14 15
14 19
15 8
15 16
15 18
16 10
16 14
16 22
17 2
17 8
17 15
17 18
18 9
18 14
18 19
18 22
19 4
19 6
19 15
19 16
20 11
21 3
21 9
21 14
21 18
21 19
22 2
22 14
22 18
23 5
24 8
24 12
24 21
0 0 
