1 1
1 1
2 3
1 1
2 1
2 2
3 7
1 1
1 2
1 3
2 1
2 -2
3 2
3 3
4 8
1 1
1 2
2 -2
2 3
3 1
3 3
4 2
4 3
5 17
1 2
1 4
1 -5
2 3
2 -4
2 5
3 1
3 3
3 4
3 5
4 1
4 -4
4 5
5 1
5 2
5 3
5 4
6 18
1 -1
1 2
1 -3
1 5
1 6
2 2
2 4
2 -5
2 6
3 2
3 3
3 5
3 6
4 5
5 -4
5 6
6 3
6 4
7 24
1 3
1 5
1 7
2 3
2 6
2 7
3 1
3 2
3 3
3 7
4 2
4 3
5 -1
5 3
6 1
6 3
6 -4
6 5
6 6
6 7
7 -3
7 4
7 5
7 7
8 34
1 -1
1 6
2 1
2 2
2 4
2 -5
2 8
3 -1
3 2
3 -4
3 -7
4 -1
4 -2
4 4
5 1
5 2
5 -3
5 6
5 8
6 1
6 5
6 -6
6 7
6 8
7 5
7 -6
7 7
7 -8
8 1
8 3
8 4
8 5
8 -7
8 8
9 34
1 1
1 2
1 7
1 8
1 -9
2 1
2 5
2 -7
2 -8
3 1
3 3
3 4
3 5
3 7
4 2
4 -3
4 4
4 -9
5 2
5 3
5 5
5 9
6 1
6 9
7 -4
7 5
7 6
7 -8
8 7
8 8
8 9
9 2
9 6
9 9
10 54
1 1
1 4
1 5
1 -6
1 7
1 8
1 -9
2 1
2 8
2 9
2 10
3 1
3 2
3 4
3 6
3 8
3 -9
3 -10
4 5
4 6
4 7
4 -8
4 9
4 -10
5 1
5 2
5 3
5 -6
5 -9
6 2
6 3
6 4
6 5
6 8
6 9
7 -1
7 5
7 -6
7 -7
7 8
7 9
8 3
8 6
8 10
9 3
9 9
9 -10
10 1
10 -2
10 4
10 6
10 7
10 9
10 10
11 65
1 1
1 2
1 8
1 -10
2 2
2 3
2 -4
2 5
2 6
2 10
2 11
3 2
3 3
3 6
3 -7
3 9
3 10
3 11
4 -5
4 7
5 -1
5 4
5 -7
5 -8
5 9
5 11
6 -1
6 5
6 6
6 -7
6 -8
6 9
6 -10
6 -11
7 4
7 7
7 8
7 9
8 1
8 2
8 -5
8 -6
8 8
8 10
8 -11
9 3
9 4
9 5
9 -6
9 11
10 4
10 5
10 -7
10 8
10 9
10 10
10 -11
11 1
11 -2
11 3
11 5
11 7
11 -9
11 -10
11 11
12 66
1 -1
1 4
1 7
1 8
1 10
2 2
2 6
2 8
2 -11
3 1
3 2
3 -4
3 7
3 8
3 9
4 2
4 3
4 4
4 5
4 9
4 10
4 11
4 12
5 1
5 -2
5 5
5 8
5 10
5 12
6 1
6 3
6 4
6 -8
6 9
6 10
6 11
7 3
7 7
8 1
8 -3
8 -7
8 9
8 12
9 1
9 -5
9 6
9 -8
9 9
9 10
9 11
9 12
10 2
10 3
10 -5
10 6
10 9
10 12
11 1
11 4
11 6
11 7
11 8
12 1
12 6
12 8
12 12
13 98
1 3
1 6
1 8
1 9
2 8
2 9
2 10
2 12
2 13
3 1
3 2
3 -7
3 8
3 -11
3 12
4 1
4 2
4 3
4 -4
4 5
4 7
4 8
4 9
4 10
4 11
4 -12
5 -2
5 3
5 -9
5 -13
6 -1
6 2
6 3
6 -4
6 11
6 12
7 1
7 -2
7 3
7 4
7 9
7 -10
7 13
8 -1
8 2
8 4
8 -6
8 7
8 8
8 -9
8 10
8 11
8 12
8 13
9 1
9 2
9 -4
9 5
9 7
9 10
9 -12
9 -13
10 -1
10 -3
10 5
10 6
10 7
10 -8
10 -9
10 -10
10 11
10 12
10 13
11 1
11 2
11 -3
11 -5
11 6
11 7
11 -8
11 10
11 11
12 -1
12 3
12 8
12 9
12 -10
12 -11
12 -12
12 13
13 1
13 4
13 5
13 6
13 9
13 -11
13 12
13 13
14 95
1 1
1 2
1 -3
1 5
1 7
1 9
1 -11
2 2
2 -3
2 4
2 -6
2 8
2 -9
2 12
2 14
3 1
3 2
3 4
3 5
3 -6
3 8
3 -10
3 12
3 14
4 1
4 -2
4 5
4 -6
4 7
4 10
5 2
5 4
5 7
5 -8
5 -10
5 -14
6 2
6 11
6 12
6 14
7 4
7 5
7 -12
7 14
8 3
8 5
8 7
8 8
8 10
8 12
8 13
8 14
9 3
9 5
9 10
9 11
10 4
10 5
10 6
10 7
10 -8
10 9
10 12
10 13
10 14
11 1
11 14
12 1
12 2
12 3
12 5
12 -6
12 8
12 9
12 11
12 12
12 13
13 1
13 2
13 3
13 5
13 6
13 7
13 8
13 9
13 -10
13 12
14 -2
14 5
14 6
14 -7
14 8
14 10
14 -11
14 14
15 106
1 -2
1 3
1 5
1 -8
1 11
1 15
2 7
2 -9
2 10
2 14
3 2
3 -3
3 -6
3 8
3 -12
3 13
3 14
3 15
4 -2
4 -5
4 6
4 7
4 -8
4 9
4 10
4 -11
4 12
4 -13
4 14
4 15
5 2
5 3
5 4
5 5
5 6
5 8
5 11
5 13
5 15
6 1
6 -2
6 3
6 4
6 5
6 -6
6 7
6 11
6 14
6 -15
7 1
7 3
7 -5
7 6
7 9
7 -10
7 11
7 -12
7 15
8 1
8 3
8 -4
8 7
8 8
8 -9
8 -12
8 14
9 2
9 3
9 -8
9 9
9 -11
9 12
9 13
10 2
10 4
10 -10
10 15
11 1
11 5
11 6
11 9
11 -10
11 13
12 2
12 3
12 5
12 12
12 14
13 6
13 8
13 -9
14 1
14 -2
14 5
14 -6
14 11
14 12
14 13
14 14
15 2
15 3
15 5
15 9
15 11
15 12
15 -14
16 122
1 1
1 3
1 5
1 7
1 8
1 -9
1 -10
1 -11
1 12
1 13
1 14
2 1
2 3
2 10
2 11
2 12
2 16
3 1
3 -4
3 6
3 -8
3 -12
3 13
3 14
4 2
4 3
4 4
4 6
4 9
4 12
4 15
5 5
5 6
5 10
5 13
5 14
5 15
6 -8
6 -10
7 1
7 2
7 3
7 6
7 8
7 -9
7 10
7 -11
7 16
8 2
8 4
8 6
8 -7
8 10
8 11
8 12
8 13
8 14
8 -16
9 5
9 10
9 12
9 -13
10 2
10 4
10 5
10 -6
10 8
10 9
10 10
10 12
10 -16
11 -1
11 -2
11 -3
11 4
11 5
11 -6
11 -7
11 8
11 -11
11 -13
11 -16
12 -2
12 4
12 6
12 10
12 12
12 -13
12 15
13 3
13 4
13 -5
13 9
13 -10
13 12
13 -13
13 -14
13 15
13 16
14 1
14 5
14 8
14 9
14 -12
14 -13
14 -14
14 15
14 16
15 12
15 -14
15 15
15 16
16 2
16 4
16 5
16 -8
16 9
16 11
16 12
16 -13
16 -15
16 16
17 149
1 1
1 -3
1 4
1 6
1 8
1 11
1 12
1 13
1 14
1 17
2 3
2 5
2 9
2 11
2 -12
2 -13
2 14
2 15
2 16
3 1
3 2
3 5
3 7
3 9
3 12
4 1
4 4
4 7
4 8
4 -9
4 10
4 14
4 17
5 -1
5 -3
5 4
5 6
5 -7
5 8
5 12
5 13
5 16
6 2
6 5
6 -6
6 9
6 10
6 11
6 14
6 15
6 17
7 3
7 4
7 -6
7 8
7 9
7 11
7 12
7 -13
7 16
7 17
8 1
8 2
8 4
8 5
8 -7
8 -9
8 -13
8 15
9 1
9 3
9 6
9 -9
9 12
9 13
9 15
9 -17
10 1
10 3
10 -4
10 -5
10 6
10 -7
10 9
10 11
10 12
10 14
10 -15
10 -16
10 17
11 1
11 7
11 9
11 10
11 11
11 -13
11 14
11 17
12 4
12 -5
12 6
12 7
12 10
12 13
12 15
12 16
12 17
13 -3
13 -6
13 8
13 12
13 13
13 -14
13 15
13 16
13 17
14 1
14 2
14 3
14 4
14 6
14 7
14 8
14 9
14 11
14 12
14 14
14 16
14 17
15 3
15 5
15 6
15 7
15 8
15 11
15 17
16 2
16 6
16 -8
16 11
16 12
16 16
16 -17
17 5
17 8
17 9
17 -11
17 12
17 -16
18 167
1 -2
1 5
1 7
1 8
1 -9
1 11
1 12
1 -13
1 14
1 16
1 17
1 18
2 2
2 -4
2 5
2 6
2 -7
2 8
2 9
2 10
2 -14
2 -15
2 -16
2 18
3 -1
3 3
3 4
3 6
3 8
3 12
3 14
3 17
4 2
4 -4
4 6
4 -7
4 -12
4 13
4 14
4 16
5 1
5 4
5 5
5 6
5 -8
5 13
5 14
5 16
5 18
6 1
6 3
6 4
6 5
6 6
6 7
6 9
6 -10
6 13
6 14
6 16
6 18
7 -6
7 9
7 10
7 11
7 13
7 14
7 16
8 1
8 4
8 5
8 -6
8 7
8 13
8 -16
8 17
8 -18
9 1
9 4
9 5
9 6
9 7
9 8
9 14
9 -15
10 2
10 3
10 5
10 6
10 7
10 -11
10 12
10 13
10 14
10 15
10 -17
10 -18
11 4
11 7
11 8
11 9
11 10
11 14
11 15
11 17
12 3
12 5
12 6
12 -7
12 9
12 11
12 -12
12 13
13 -3
13 5
13 6
13 7
13 9
13 -12
13 15
13 16
14 -4
14 5
14 6
14 -7
14 8
14 13
14 16
15 -1
15 4
15 5
15 6
15 7
15 8
15 9
15 -10
15 12
15 -17
15 -18
16 1
16 4
16 6
16 7
16 8
16 11
16 -13
16 14
16 16
16 17
17 1
17 2
17 3
17 -6
17 12
17 -13
17 -14
17 16
17 17
17 18
18 1
18 3
18 -4
18 8
18 9
18 -10
18 12
18 18
19 198
1 2
1 3
1 -5
1 6
1 8
1 9
1 12
1 13
1 14
1 17
2 2
2 -3
2 4
2 5
2 7
2 8
2 10
2 11
2 -12
2 14
2 -15
2 -16
2 17
3 1
3 3
3 5
3 -6
3 8
3 9
3 -11
3 12
3 14
3 -16
3 -19
4 2
4 3
4 -4
4 -6
4 7
4 -9
4 -12
4 15
4 17
4 18
4 19
5 -6
5 7
5 -10
5 11
5 -14
5 15
5 -16
5 17
5 18
5 19
6 1
6 2
6 3
6 -5
6 6
6 7
6 8
6 9
6 13
6 -15
7 -1
7 2
7 5
7 7
7 8
7 9
7 10
7 -11
7 14
7 15
7 17
8 1
8 3
8 -5
8 8
8 12
8 13
8 15
8 -16
8 18
9 6
9 9
9 14
9 -16
9 19
10 1
10 4
10 5
10 6
10 8
10 11
10 13
10 15
10 16
10 19
11 1
11 2
11 3
11 -5
11 6
11 11
11 12
11 13
11 15
11 18
11 19
12 1
12 -2
12 3
12 8
12 9
12 10
12 -13
12 -14
12 15
12 16
12 18
13 1
13 4
13 5
13 8
13 9
13 -10
13 11
13 12
13 14
13 -15
13 16
13 18
13 19
14 1
14 -2
14 5
14 8
14 10
14 15
14 -16
14 17
15 1
15 -3
15 5
15 -6
15 8
15 10
15 -11
15 12
15 15
15 16
15 17
15 -18
15 19
16 1
16 2
16 -5
16 6
16 7
16 11
16 -12
16 13
16 14
16 15
16 18
17 1
17 2
17 3
17 -4
17 7
17 9
17 -14
17 16
17 18
18 3
18 4
18 5
18 12
18 14
18 15
18 16
18 17
18 18
18 19
19 4
19 5
19 9
19 10
19 12
19 13
19 14
19 -15
19 16
19 17
19 18
19 19
20 210
1 1
1 2
1 3
1 4
1 7
1 8
1 9
1 10
1 11
1 14
1 16
1 -18
1 -20
2 1
2 -2
2 3
2 -4
2 -6
2 9
2 10
2 11
2 12
2 13
2 16
3 1
3 3
3 -4
3 7
3 -12
3 14
3 15
3 19
4 3
4 5
4 8
4 9
4 10
4 -11
4 12
4 14
4 19
5 1
5 2
5 4
5 -5
5 6
5 7
5 -9
5 10
5 13
5 -18
5 19
5 20
6 -2
6 3
6 -5
6 6
6 9
6 12
6 14
6 15
6 16
6 17
7 1
7 -2
7 6
7 11
7 -12
7 -14
7 -15
7 16
7 17
7 -19
7 -20
8 2
8 3
8 -9
8 10
8 11
8 13
8 -16
8 -18
8 -19
8 20
9 -1
9 -3
9 5
9 6
9 8
9 10
9 17
9 -20
10 5
10 10
10 11
10 12
10 13
10 14
10 15
10 20
11 3
11 4
11 -7
11 9
11 12
11 13
11 -14
11 -15
11 -16
11 -18
11 19
12 2
12 -4
12 6
12 -8
12 -9
12 11
12 12
12 -13
12 15
12 17
12 -20
13 1
13 3
13 4
13 5
13 6
13 7
13 -9
13 14
13 16
13 18
13 19
13 -20
14 1
14 -3
14 -4
14 7
14 11
14 12
14 -14
14 16
14 -18
14 20
15 1
15 2
15 3
15 6
15 7
15 9
15 11
15 15
15 16
15 17
15 19
16 -4
16 5
16 -6
16 7
16 8
16 10
16 11
16 12
16 16
16 17
16 -18
16 19
16 20
17 2
17 3
17 6
17 10
17 13
17 -14
17 -15
17 16
17 18
17 20
18 1
18 -2
18 3
18 4
18 5
18 -8
18 10
18 11
18 -12
18 16
18 20
19 2
19 6
19 7
19 8
19 9
19 10
19 -12
19 14
19 17
19 18
19 19
20 2
20 -9
20 10
20 12
20 -14
20 15
20 16
20 17
20 18
20 19
21 222
1 4
1 5
1 8
1 -9
1 -11
1 13
1 14
1 15
1 16
1 17
1 -18
1 20
1 21
2 3
2 -4
2 6
2 8
2 9
2 10
2 16
2 18
2 19
2 20
3 -4
3 5
3 -8
3 9
3 10
3 12
3 18
3 19
4 -1
4 2
4 3
4 4
4 5
4 7
4 -8
4 10
4 11
4 13
4 15
4 16
4 17
4 18
4 19
4 20
5 -1
5 2
5 3
5 5
5 -6
5 -7
5 -8
5 11
5 16
5 18
5 19
5 21
6 -2
6 5
6 8
6 -12
6 13
6 -14
6 -16
6 18
6 19
6 -20
7 1
7 2
7 3
7 4
7 5
7 7
7 -8
7 11
7 12
7 14
7 -17
7 19
7 20
8 1
8 -3
8 -5
8 6
8 -8
8 12
8 13
8 14
8 15
8 16
8 20
8 21
9 1
9 2
9 3
9 4
9 14
9 17
9 18
9 20
10 -2
10 6
10 7
10 8
10 10
10 11
10 -13
10 14
10 -18
10 -19
10 20
11 -1
11 2
11 -3
11 5
11 6
11 10
11 -11
11 14
11 17
11 -20
12 2
12 3
12 4
12 5
12 -7
12 -10
12 -11
12 12
12 -13
12 14
12 15
13 1
13 -2
13 4
13 -5
13 6
13 7
13 -8
13 9
13 10
13 -14
13 20
14 4
14 5
14 -7
14 11
14 -13
14 17
14 -20
14 21
15 -1
15 2
15 4
15 10
15 -13
15 14
15 16
15 17
15 18
15 19
15 20
16 -2
16 3
16 6
16 7
16 8
16 9
16 10
16 13
16 15
16 -17
16 -18
16 19
16 20
17 2
17 4
17 7
17 9
17 10
17 -11
17 14
17 16
17 -18
17 19
18 2
18 6
18 11
18 14
18 17
18 21
19 2
19 4
19 5
19 7
19 8
19 9
19 10
19 -11
19 12
19 13
19 14
19 -15
19 20
20 2
20 6
20 7
20 10
20 13
20 14
20 17
20 -20
20 21
21 1
21 2
21 7
21 10
21 13
21 18
21 20
22 231
1 1
1 2
1 -4
1 6
1 7
1 10
1 12
1 -14
1 -15
1 16
1 18
1 20
1 22
2 1
2 2
2 7
2 9
2 -11
2 -15
2 18
2 -20
2 21
3 1
3 5
3 -7
3 9
3 21
4 -2
4 3
4 -5
4 6
4 7
4 -9
4 10
4 11
4 12
4 16
4 -18
5 2
5 7
5 8
5 9
5 12
5 14
5 16
5 17
5 18
5 20
5 21
6 -2
6 4
6 6
6 7
6 10
6 12
6 14
6 19
6 -22
7 1
7 2
7 3
7 5
7 8
7 -9
7 -13
7 15
7 16
7 17
7 -18
7 19
8 2
8 -4
8 6
8 -13
8 17
8 19
8 22
9 1
9 3
9 4
9 6
9 9
9 -10
9 11
9 13
9 14
9 16
9 17
9 18
9 20
9 -21
10 1
10 -2
10 6
10 7
10 -8
10 -10
10 11
10 13
10 -15
10 -16
10 19
11 4
11 5
11 -6
11 7
11 9
11 10
11 13
11 14
11 -19
11 20
11 21
12 4
12 5
12 6
12 7
12 8
12 10
12 16
12 -17
12 18
12 19
12 -20
12 -21
13 1
13 3
13 5
13 10
13 12
13 13
13 -14
13 -16
13 17
13 18
13 -22
14 -3
14 5
14 6
14 7
14 8
14 11
14 14
14 15
14 16
14 18
14 20
14 21
15 1
15 2
15 3
15 4
15 9
15 -11
15 14
15 15
15 -16
15 20
15 -22
16 2
16 4
16 6
16 7
16 -9
16 10
16 13
16 14
16 17
16 18
16 21
17 1
17 -3
17 4
17 6
17 -9
17 10
17 12
17 14
18 -2
18 3
18 4
18 10
18 14
18 -19
18 -20
18 21
18 22
19 1
19 3
19 6
19 8
19 9
19 10
19 11
19 12
19 -14
19 16
19 17
19 19
19 22
20 2
20 3
20 5
20 6
20 11
20 -12
20 13
20 14
20 -18
20 21
20 22
21 2
21 -3
21 5
21 10
21 -11
21 12
21 13
21 16
21 19
22 3
22 5
22 7
22 8
22 9
22 10
22 14
22 15
22 19
22 -21
22 -22
23 250
1 3
1 -4
1 -6
1 8
1 -10
1 12
1 -13
1 14
1 20
1 -21
2 3
2 6
2 7
2 9
2 11
2 13
2 16
2 19
2 22
3 1
3 3
3 4
3 -5
3 8
3 -9
3 10
3 12
3 -18
3 21
3 23
4 -2
4 10
4 11
4 12
4 13
4 15
4 -16
4 17
4 -22
5 -4
5 5
5 -6
5 7
5 8
5 9
5 12
5 15
5 16
5 18
5 -19
5 20
5 21
5 23
6 1
6 2
6 3
6 4
6 5
6 -7
6 11
6 13
6 15
6 17
6 18
7 1
7 2
7 4
7 -6
7 12
7 15
7 16
7 19
7 20
8 1
8 2
8 3
8 7
8 9
8 11
8 -13
8 14
8 18
8 19
8 20
9 1
9 2
9 3
9 5
9 -7
9 8
9 9
9 10
9 11
9 12
9 -13
9 15
9 -18
9 20
9 21
9 22
9 -23
10 1
10 2
10 -4
10 6
10 8
10 10
10 12
10 14
10 16
10 17
10 19
10 -23
11 1
11 3
11 5
11 11
11 16
11 -17
11 21
11 23
12 -1
12 2
12 -3
12 5
12 6
12 -7
12 -9
12 14
12 18
12 19
13 4
13 -8
13 9
13 10
13 -11
13 14
13 -15
13 16
13 17
13 20
13 -21
13 23
14 2
14 3
14 8
14 10
14 -11
14 16
14 17
14 -19
14 -20
15 1
15 3
15 -4
15 5
15 8
15 -10
15 11
15 -13
15 14
15 16
15 17
15 19
15 -22
15 23
16 1
16 2
16 -6
16 8
16 10
16 11
16 12
16 14
16 -18
16 21
16 22
16 -23
17 4
17 8
17 10
17 11
17 -13
17 14
17 17
17 20
17 22
18 -1
18 2
18 3
18 4
18 -7
18 8
18 9
18 15
18 -18
18 20
18 -21
18 22
19 -2
19 4
19 6
19 -7
19 8
19 -10
19 11
19 12
19 -13
19 17
19 -20
19 23
20 -10
20 11
20 -16
20 18
20 19
20 20
20 -22
21 2
21 5
21 8
21 9
21 10
21 -11
21 13
21 15
21 16
21 -18
21 -20
21 21
21 -22
22 -9
22 -10
22 11
22 12
22 14
22 -15
22 16
22 18
22 20
22 23
23 2
23 9
23 10
23 11
23 16
23 17
23 -18
23 20
23 22
24 305
1 1
1 -2
1 5
1 6
1 7
1 12
1 -13
1 17
1 -19
1 24
2 3
2 -4
2 5
2 7
2 -9
2 10
2 12
2 13
2 15
2 16
2 17
2 -23
2 24
3 -2
3 3
3 4
3 7
3 9
3 10
3 11
3 13
3 19
3 21
3 22
3 -24
4 3
4 -4
4 5
4 6
4 7
4 9
4 10
4 12
4 15
4 16
4 17
4 18
4 19
4 21
4 22
4 23
5 -2
5 7
5 8
5 -10
5 11
5 12
5 16
5 18
5 -19
5 21
5 -22
5 23
6 -1
6 3
6 -4
6 5
6 7
6 -10
6 11
6 13
6 14
6 15
6 16
6 -21
6 22
6 -23
7 2
7 4
7 5
7 6
7 9
7 12
7 13
7 15
7 16
7 19
8 2
8 -4
8 9
8 -12
8 13
8 15
8 -16
8 17
8 18
8 19
9 1
9 2
9 -3
9 -5
9 6
9 7
9 8
9 10
9 13
9 -15
9 23
10 -1
10 -2
10 4
10 -6
10 -8
10 9
10 10
10 11
10 15
10 16
10 -17
10 18
10 20
10 22
10 24
11 1
11 2
11 3
11 4
11 8
11 10
11 -12
11 13
11 14
11 -18
11 -20
11 21
12 2
12 -3
12 -4
12 5
12 -6
12 7
12 8
12 -9
12 10
12 11
12 -13
12 14
12 15
12 17
12 -18
12 19
12 21
12 -22
13 2
13 5
13 6
13 8
13 -15
13 -19
13 20
13 21
13 23
13 24
14 1
14 2
14 7
14 8
14 -9
14 10
14 11
14 12
14 -15
14 17
14 18
14 20
14 -22
15 1
15 -4
15 6
15 7
15 9
15 10
15 -15
15 17
15 -18
15 19
16 2
16 -3
16 4
16 -5
16 7
16 -8
16 9
16 11
16 -13
16 15
16 16
16 18
16 19
16 20
16 21
16 23
17 1
17 -3
17 4
17 -5
17 -8
17 9
17 -10
17 12
17 14
17 15
17 17
17 19
17 -21
17 23
17 24
18 3
18 -4
18 8
18 11
18 13
18 14
18 -16
18 17
18 20
18 21
18 24
19 2
19 5
19 9
19 10
19 11
19 12
19 -13
19 15
19 16
19 17
19 -19
19 20
19 22
19 24
20 -1
20 3
20 5
20 6
20 10
20 -14
20 15
20 17
20 19
20 -20
20 21
20 22
20 -23
20 24
21 -1
21 3
21 4
21 6
21 -7
21 9
21 11
21 -12
21 17
21 19
21 20
21 -23
21 -24
22 3
22 4
22 6
22 -7
22 -13
22 -15
22 -16
22 17
22 18
22 19
22 -20
23 -3
23 4
23 5
23 -6
23 -8
23 10
23 11
23 -12
23 14
23 21
23 22
24 1
24 3
24 -4
24 6
24 7
24 8
24 11
24 14
24 16
24 17
24 19
24 20
24 21
24 22
0 0 
