1 0
2 0
3 2
1 3
3 -1
4 0
5 4
1 2
2 -2
5 2
5 4
6 3
2 5
3 -3
6 1
7 1
2 6
8 4
1 2
4 6
7 3
8 8
9 9
2 -4
2 -6
3 1
3 9
4 2
4 -3
4 7
5 6
6 7
10 10
1 1
1 3
2 9
3 3
5 -2
7 9
8 9
9 -6
10 6
10 10
11 15
1 2
2 9
3 7
3 11
4 -6
4 10
5 -5
6 4
6 11
7 4
7 -8
8 5
9 -2
10 -1
10 6
12 14
1 1
1 6
5 -12
6 -8
6 12
8 3
8 6
9 4
9 7
9 11
10 -1
10 12
12 -2
12 10
13 22
1 1
1 7
1 11
3 11
4 5
5 -1
6 3
6 4
6 -5
6 -10
6 -11
6 13
7 4
8 5
8 6
9 12
10 3
10 7
11 -4
12 -11
13 4
13 -9
14 17
1 11
2 7
2 8
4 -12
6 1
6 12
7 11
8 14
9 2
9 -3
9 -9
9 -13
10 2
10 -8
11 1
11 5
13 1
15 25
1 14
1 15
2 -1
2 7
2 9
2 10
2 11
2 14
3 10
4 11
5 1
6 12
7 10
8 -14
9 -7
9 11
9 -15
11 1
12 -5
12 -14
13 4
13 9
13 -10
15 1
15 -10
16 29
1 3
1 4
1 -5
2 6
2 -13
3 3
3 4
3 10
3 12
4 5
4 12
4 16
5 1
5 10
7 -11
9 -7
9 -13
10 -5
10 -8
11 5
11 -9
11 -12
11 15
13 -2
14 4
15 3
15 5
15 6
16 8
17 32
1 -9
2 4
3 12
3 -13
4 11
5 5
5 -8
5 -10
5 14
6 8
7 -3
7 16
8 16
9 -1
9 7
9 -8
9 13
9 -17
10 3
10 8
12 7
12 15
13 4
13 11
14 -4
14 6
14 8
15 -12
16 9
16 -15
17 5
17 -10
18 34
1 11
1 13
2 7
2 12
3 10
4 15
5 -4
5 6
6 1
6 4
7 -5
8 2
9 -13
9 -18
10 1
10 10
11 12
11 15
12 10
13 2
13 13
14 9
14 -16
14 -17
15 1
15 -9
15 -10
15 14
15 15
16 10
16 -18
17 -10
17 -11
18 10
19 31
1 16
2 3
3 14
3 17
4 11
4 14
5 19
6 -9
8 2
8 18
10 -4
11 13
12 10
12 14
13 5
13 -16
14 13
14 14
15 1
15 -3
15 5
15 6
15 -8
15 9
16 8
16 9
18 -16
19 2
19 15
19 16
19 -17
20 27
1 2
1 15
2 14
4 6
4 14
5 -4
7 6
7 -16
9 -18
10 2
10 7
10 9
11 9
11 -14
14 -4
14 10
14 12
15 1
15 6
15 20
17 13
18 1
18 6
18 10
19 -16
20 14
20 -16
21 43
1 20
2 3
2 11
3 10
3 16
4 15
6 4
6 7
7 10
7 14
7 16
7 20
8 6
8 -13
8 20
9 2
10 18
11 2
11 18
12 12
12 15
13 2
13 5
13 7
13 8
14 1
14 4
14 13
14 -14
14 17
15 1
15 17
16 1
17 6
18 10
18 17
19 15
20 8
20 15
20 16
21 2
21 -8
21 21
22 32
1 -19
2 -4
3 -18
4 3
4 21
5 13
5 17
6 -20
8 1
8 -3
11 -21
12 6
12 21
13 3
13 -4
14 22
15 2
15 5
15 -8
16 10
16 11
17 13
17 15
18 4
18 9
18 19
19 9
19 10
19 -22
20 14
21 6
22 6
23 44
2 7
2 11
2 13
4 1
4 7
5 13
5 20
7 12
7 23
8 13
8 23
9 14
9 -15
9 22
10 11
11 1
11 10
11 -15
12 22
12 23
13 19
13 -23
14 6
14 7
14 16
14 18
14 22
15 14
15 20
16 -13
17 -8
17 13
18 3
18 -18
19 2
19 16
20 20
20 21
21 4
21 22
22 11
23 -6
23 17
23 20
24 62
1 2
1 8
1 13
2 8
2 13
2 -23
3 8
3 12
3 18
3 -24
4 10
4 19
5 14
5 -17
6 1
6 8
7 16
8 -6
8 15
8 -19
9 7
9 11
9 -16
10 6
10 24
11 5
12 -3
12 6
12 8
13 1
13 21
14 3
14 14
14 15
15 6
15 11
15 17
16 5
16 18
16 -19
16 24
17 -5
17 14
18 -15
19 1
19 9
19 -17
19 24
20 5
20 19
21 8
21 17
21 23
22 8
22 14
22 22
23 3
23 5
23 24
24 -4
24 10
24 20
25 70
1 -5
1 7
2 8
2 -21
3 1
3 -3
3 -9
3 20
4 7
4 12
4 15
4 23
5 -3
5 7
5 20
6 5
6 -9
6 12
6 19
6 21
7 4
8 1
8 20
9 12
9 18
9 25
10 7
10 -18
10 23
11 17
11 21
11 -22
12 -19
12 22
13 -1
13 14
13 -17
14 12
14 20
15 1
15 11
15 17
16 8
16 -9
16 21
17 -9
17 15
17 20
18 3
18 6
18 -8
18 -10
18 14
18 22
19 25
20 4
20 6
20 20
21 3
21 16
21 -17
22 6
22 19
22 21
23 7
23 17
23 -25
25 3
25 9
25 -20
26 70
1 6
1 -10
1 -11
2 12
2 -17
2 20
2 -22
2 23
3 21
4 11
4 12
4 16
4 -18
4 21
5 12
5 15
6 3
6 8
6 9
6 21
7 -3
7 21
7 22
8 5
8 -9
8 23
9 -15
9 22
10 20
11 3
11 -21
11 24
11 25
12 2
12 6
12 -9
12 13
12 -16
12 -20
12 -25
13 5
14 11
15 -1
15 12
15 -21
15 25
16 -25
17 -6
17 22
18 14
19 -9
19 -21
19 -22
20 9
20 12
20 -16
20 23
21 7
21 13
21 17
21 18
22 1
22 2
22 -12
24 6
24 18
24 -20
25 2
25 26
26 13
27 75
1 21
1 24
2 -18
2 21
2 27
3 3
3 -12
3 19
3 -24
3 25
4 -12
4 22
5 -1
5 16
6 -10
6 16
6 18
6 21
7 10
7 22
7 26
8 -7
8 8
8 -25
9 -1
9 -3
9 21
9 22
9 25
9 -27
10 4
10 5
10 9
10 14
11 20
11 25
12 21
12 25
13 5
14 3
14 -5
14 -20
15 -1
15 -7
16 -9
16 10
16 15
16 17
17 5
17 14
17 23
17 25
18 16
18 19
19 3
19 25
19 26
20 4
20 7
20 -14
20 20
21 1
21 15
22 3
22 11
24 8
24 10
25 2
26 -3
26 5
26 7
26 10
26 -12
26 25
27 13
28 81
1 16
2 3
3 2
3 12
4 3
4 5
4 13
4 15
4 17
5 -4
5 13
5 18
6 4
6 13
6 16
6 19
6 20
7 1
7 7
7 13
7 14
7 24
7 27
8 14
8 15
8 -20
8 26
9 23
10 23
11 -4
11 11
11 20
11 -21
12 1
12 9
12 18
14 -3
14 -14
14 25
15 11
15 14
15 -16
15 22
16 2
16 -3
16 15
18 14
18 -19
19 -2
19 4
19 -14
19 17
19 26
21 18
21 -20
22 3
22 4
22 5
22 -6
22 19
23 5
23 7
23 -18
23 26
23 -27
24 6
24 12
24 16
24 17
24 18
24 19
25 3
25 -25
25 28
26 6
26 -23
26 25
26 27
27 14
28 5
28 26
29 73
1 6
1 27
2 -23
3 22
4 -6
4 -12
4 16
4 20
5 16
5 -28
6 -6
6 18
7 7
7 9
8 7
8 -19
8 -28
10 1
10 -6
11 20
11 26
12 4
12 8
12 -21
13 -2
13 4
13 13
14 9
14 -17
14 26
15 -2
15 21
16 6
16 8
16 26
17 -1
17 -6
17 -10
17 15
17 20
17 24
18 7
18 9
18 11
18 27
19 -14
19 27
20 -1
20 9
20 11
20 13
20 21
21 4
21 12
21 19
21 22
21 23
21 -25
22 7
22 15
22 29
23 -4
23 -22
24 6
26 -5
26 8
26 -25
27 -1
27 -6
27 -12
27 27
28 27
29 -3
30 92
1 8
1 14
1 -15
1 25
2 -6
2 12
2 22
3 21
4 1
5 13
5 20
5 26
6 2
6 10
7 5
7 24
8 12
8 13
8 22
9 5
9 -19
10 6
10 8
10 17
10 18
11 -13
11 27
12 14
12 20
12 26
13 -19
14 1
14 -14
14 19
14 -21
14 23
15 6
15 7
15 -8
15 -17
15 26
15 30
17 12
17 19
17 -25
18 8
18 9
18 17
18 18
18 20
18 -24
19 -5
19 15
20 -29
21 5
21 17
21 -20
21 22
22 -11
22 18
22 26
22 29
23 11
23 13
23 18
23 25
23 26
23 -30
25 6
25 9
25 23
26 1
26 2
26 21
26 29
27 8
27 12
27 16
28 -9
28 -18
28 19
28 29
29 8
29 9
29 -11
29 19
29 23
30 4
30 7
30 23
30 25
30 -26
0 0 
