15 28
1 10
2 4
2 7
2 9
2 14
3 3
3 4
3 11
4 1
4 15
5 13
6 13
7 1
8 3
8 8
9 8
9 9
9 14
10 11
10 14
12 9
12 13
12 15
13 11
13 12
14 8
14 11
15 7
15 33
1 1
1 4
1 10
1 12
1 14
2 5
2 7
3 3
3 12
4 12
4 14
5 4
5 11
5 13
6 9
7 -2
7 7
8 11
8 12
9 6
9 8
9 11
9 12
9 14
11 4
11 6
11 11
13 1
13 14
14 9
15 4
15 6
15 8
15 28
1 5
1 -14
2 11
2 13
3 8
4 5
4 11
6 -3
6 8
6 11
7 1
7 7
7 11
9 12
9 14
9 15
10 3
10 13
10 15
11 6
11 14
12 -2
12 8
12 12
13 9
13 12
13 13
15 7
15 28
1 1
1 -9
2 -6
2 14
3 8
3 13
4 6
4 7
5 11
5 13
6 3
6 6
7 1
7 8
9 -5
9 14
9 15
10 10
10 14
12 -14
13 10
13 13
14 -9
14 -12
15 2
15 5
15 9
15 12
15 28
2 6
2 11
2 13
3 12
3 15
4 -4
4 -11
4 15
5 -8
6 12
7 -15
8 2
9 -6
10 4
10 -5
10 -9
10 11
11 4
11 12
12 -1
12 13
13 5
13 12
13 13
14 7
14 12
15 4
15 9
15 26
1 -15
3 9
4 10
4 15
6 1
6 3
6 9
7 7
7 -9
7 13
8 1
8 9
8 10
9 12
10 -10
10 11
11 8
11 9
11 15
12 2
13 2
13 8
14 -3
14 6
15 3
15 11
15 27
1 7
2 3
2 9
3 7
3 10
4 6
4 9
4 10
5 3
5 5
5 15
6 -1
6 6
6 7
7 5
7 10
9 3
9 -12
12 1
12 -9
12 -11
12 13
13 10
14 3
14 -8
14 14
15 8
15 28
2 -7
3 -1
3 4
3 5
4 1
4 -4
5 4
6 6
6 -8
7 1
7 5
8 -4
8 5
8 -6
9 10
9 -13
10 5
10 9
10 15
12 3
13 8
13 12
14 -4
14 -7
14 8
14 -10
15 -6
15 13
15 23
1 12
3 2
3 7
3 10
4 8
5 -12
7 4
7 6
7 10
7 -13
8 -15
9 -15
10 -3
10 -5
10 14
12 -12
12 14
13 5
13 -13
13 14
15 6
15 7
15 12
15 30
1 -8
1 13
3 1
3 2
3 3
3 -9
4 -12
5 5
5 -8
5 11
6 -3
6 -8
7 4
8 13
9 12
10 14
11 8
11 10
12 -6
12 14
13 3
13 8
13 9
14 4
14 5
14 8
14 10
15 -2
15 -3
15 -7
15 26
1 10
1 -14
2 10
3 2
3 -4
3 8
4 -3
4 4
4 -5
4 -12
5 -1
6 -1
6 -7
6 -8
6 -12
8 10
8 14
9 -6
9 12
11 -15
12 -9
12 -10
12 -14
13 -7
15 2
15 -12
15 25
1 -1
1 11
1 -12
2 -5
3 4
4 -1
4 -4
4 11
6 -4
6 -5
6 7
7 -8
8 1
8 -11
10 -4
10 -5
10 -7
10 14
12 2
12 -12
13 -12
13 -13
14 -5
15 4
15 11
15 19
4 -4
4 -6
5 -6
5 -9
6 -1
6 3
6 5
7 -4
7 -11
10 -2
10 -11
11 4
12 5
12 -6
12 -10
13 -6
13 -8
14 11
15 4
15 32
1 10
1 -11
2 6
2 -13
3 4
4 -6
4 -12
5 -6
5 14
6 -4
6 -7
6 -10
6 -15
7 -1
7 -6
7 -9
8 -3
8 -9
8 14
10 -3
10 9
11 1
11 -8
12 -2
12 -6
12 -10
13 4
14 -5
14 -8
15 -2
15 7
15 9
15 21
2 -6
2 10
4 -10
5 -1
5 3
5 -11
5 -12
6 12
7 -2
7 -9
7 -12
8 14
9 -8
9 -13
11 -7
11 -10
12 -5
13 -10
13 11
14 -5
15 -14
15 21
2 -2
2 -4
2 -6
2 -11
3 -4
5 -9
6 -5
7 -10
7 -12
8 -2
9 -1
9 -8
9 -10
9 -15
10 -9
10 -14
11 8
11 -14
13 6
13 -9
15 -12
15 25
1 -4
2 -1
2 -2
2 6
3 1
3 6
4 -3
5 -5
5 13
6 -8
7 -10
7 -11
8 -1
8 -9
9 2
9 -15
10 -2
10 -6
10 -15
11 2
12 3
12 -5
12 -7
13 -2
15 -13
15 29
1 -12
2 -5
2 12
2 -14
3 -1
3 -13
4 -8
6 -3
6 -9
7 -4
7 -11
7 -13
7 -15
8 -9
9 -7
9 -8
9 -11
10 -4
10 -13
11 -3
11 -14
12 -1
12 -7
13 -9
13 -13
14 -12
14 -14
15 -1
15 -14
15 29
1 -2
1 -12
1 -13
4 -7
4 -9
5 -6
5 -7
5 -11
5 -13
6 -3
6 -12
6 -13
7 -2
7 -3
7 -15
8 -1
8 -10
9 -1
9 -2
9 -11
10 -6
10 -7
10 -8
10 -9
11 -4
12 -13
13 -5
14 -8
15 -4
15 26
1 -14
2 -1
3 -2
5 -1
5 -5
5 -12
6 -15
8 -6
8 -10
9 -6
9 -15
10 -1
10 -10
10 -12
10 -13
10 -14
12 -3
12 -15
13 -2
13 -7
13 -15
14 -1
14 -5
15 -2
15 -5
15 -12
0 0 
