15 56
1 1
1 2
1 11
2 1
2 4
2 13
3 7
3 10
3 11
3 14
4 2
4 4
5 1
5 5
5 7
5 8
5 9
5 15
6 3
6 4
6 5
6 11
7 1
7 3
7 9
7 13
8 5
8 6
8 7
8 12
8 13
8 15
9 2
9 9
9 12
9 15
10 1
11 9
11 14
12 6
12 7
12 8
13 6
13 8
13 9
14 1
14 3
14 7
14 8
14 9
14 10
14 12
15 1
15 9
15 13
15 15
15 49
1 3
1 8
1 9
1 14
2 14
2 15
3 1
3 3
3 9
3 15
4 11
4 -14
4 15
5 3
5 5
5 6
5 10
5 -11
6 9
6 10
7 5
7 6
7 13
8 2
8 -4
8 10
8 11
8 14
9 1
9 5
9 13
9 14
10 4
10 5
10 7
10 10
10 13
10 14
11 7
11 -9
12 12
12 15
13 9
13 10
13 11
14 -1
15 3
15 12
15 15
15 70
1 -1
1 2
1 8
1 12
1 15
2 1
2 4
2 12
3 2
3 12
4 1
4 3
4 4
4 6
4 7
4 9
4 13
5 1
5 4
5 -8
5 13
6 1
6 3
6 4
6 5
6 9
6 12
6 13
7 3
7 4
7 7
7 11
7 13
8 5
8 9
9 -1
9 6
9 -9
9 10
9 12
9 13
9 14
10 4
10 8
10 9
10 14
10 15
11 3
11 -7
11 9
11 11
11 14
11 15
12 3
12 -8
12 13
13 2
13 4
13 6
13 9
13 15
14 1
14 8
14 10
14 13
15 1
15 4
15 5
15 10
15 13
15 65
1 2
1 5
1 7
1 -9
1 -12
1 14
2 3
2 7
2 11
2 15
3 4
3 6
3 12
3 -14
4 5
4 6
4 9
4 13
4 14
5 2
5 -10
5 14
6 1
6 5
6 12
6 13
6 15
7 -2
7 -7
7 8
7 13
8 -5
8 8
8 9
8 15
9 4
9 8
9 9
9 14
10 2
10 -14
11 1
11 11
11 12
11 15
12 3
12 -5
12 6
12 -10
12 12
13 -5
13 8
13 12
13 13
14 -1
14 -4
14 -5
14 7
15 1
15 2
15 4
15 5
15 7
15 11
15 13
15 67
1 11
1 14
2 -7
2 -12
2 14
3 1
3 2
3 5
3 9
3 12
3 13
3 15
4 5
4 8
4 11
4 -13
5 1
5 3
5 4
5 -10
5 14
5 15
6 5
6 8
6 10
7 1
7 2
7 -4
7 7
7 9
7 13
7 14
8 1
8 -3
8 9
8 10
8 15
9 1
9 5
9 13
9 14
10 7
10 9
10 14
10 15
11 -1
11 5
11 -13
11 -14
12 1
12 3
12 4
12 10
12 11
12 14
13 1
13 8
13 12
13 13
14 8
14 13
14 15
15 2
15 3
15 5
15 8
15 10
15 59
1 5
1 -8
1 10
1 12
1 13
2 -1
2 11
2 13
2 -14
3 1
3 -7
3 -9
4 6
4 14
4 15
5 2
5 4
5 9
6 5
6 -10
7 -1
7 -2
7 3
7 5
7 6
7 12
8 1
8 11
8 13
8 14
8 15
9 2
9 -6
10 1
10 4
10 6
10 8
10 13
10 15
11 -3
11 10
12 7
12 9
12 -11
13 2
13 3
13 -5
13 7
13 12
13 13
14 -2
14 4
14 -6
14 -8
14 10
15 -2
15 4
15 8
15 10
15 54
1 -9
1 10
2 2
2 -4
2 10
2 11
2 13
2 14
3 -5
3 7
3 12
3 -14
4 2
4 -5
4 6
4 -8
4 15
5 -2
5 6
5 12
5 13
5 -15
6 2
6 4
6 5
6 8
6 12
7 -10
7 12
7 -15
8 11
9 4
9 6
9 14
10 -2
11 2
11 4
11 5
11 13
12 -9
12 -12
13 -1
13 3
13 5
13 6
14 9
14 -12
15 2
15 -3
15 4
15 -7
15 9
15 11
15 -12
15 56
1 3
1 12
2 4
2 5
2 13
2 -14
3 -3
3 4
3 -5
3 -7
3 10
3 11
3 -13
4 5
4 -6
4 7
4 12
5 -2
5 -10
5 11
5 12
5 13
6 -8
6 10
7 -2
7 4
7 -6
8 -2
8 12
9 5
9 9
9 10
10 -4
10 9
10 10
10 12
11 8
11 -13
11 14
12 -7
12 -8
12 -10
12 15
13 -5
13 -7
14 1
14 2
14 4
14 -6
14 7
14 9
14 14
15 -2
15 13
15 14
15 15
15 55
1 -2
1 3
2 3
2 5
2 12
3 1
3 4
3 9
3 10
4 -1
4 -6
4 -14
5 -3
5 4
5 6
5 12
5 13
6 -10
6 -11
7 -3
7 -5
7 13
8 -8
8 9
8 10
9 3
9 -6
9 8
9 -13
10 -1
10 -6
10 7
10 8
10 -12
10 -14
10 15
11 5
11 -9
12 -1
12 -2
12 -8
12 12
13 -5
13 -6
13 7
13 11
13 13
13 -15
14 1
14 6
14 7
14 -15
15 3
15 -6
15 -8
15 62
1 6
1 -7
1 8
1 13
1 -15
2 2
2 4
2 7
2 11
2 -13
2 15
3 2
3 -4
3 7
3 10
4 -6
4 -9
5 -3
5 5
5 10
5 14
6 7
6 -8
6 -9
6 11
6 -15
7 -1
7 -3
7 -4
7 -5
8 -1
8 4
8 6
8 7
8 -11
9 -1
9 2
9 10
9 11
9 14
9 -15
10 5
10 -8
10 15
11 4
11 8
11 -10
11 -12
12 -2
12 -5
12 9
12 -14
13 -1
13 -3
13 6
13 8
13 14
14 -3
14 -11
14 -15
15 -8
15 -12
15 62
1 3
1 -4
1 5
1 -6
1 -10
1 15
2 -1
2 4
2 -12
2 -15
3 -2
3 -5
3 6
3 -11
3 12
4 -2
4 -6
4 9
4 -15
5 4
5 8
6 -1
6 -3
6 -13
6 15
7 5
7 7
7 -11
7 14
8 3
8 -8
8 10
8 15
9 -1
9 -3
9 -4
9 -6
9 -14
10 7
10 13
10 -15
11 -5
11 6
11 -9
11 12
11 14
11 15
12 -2
12 5
12 -10
12 11
12 -14
13 1
13 -5
13 12
14 -3
14 5
14 6
14 -14
15 1
15 -3
15 5
15 63
1 -3
1 4
1 -10
1 -14
2 -4
2 -7
2 -8
2 9
2 11
3 -3
3 -4
3 -6
3 14
3 15
4 -4
4 6
4 -7
4 -8
4 -10
4 -14
5 -3
5 -9
5 11
5 14
6 7
6 9
6 -11
6 -13
7 -2
7 3
7 -6
7 -10
7 -12
8 -1
8 -4
8 5
8 -6
8 11
8 14
9 4
9 -12
10 4
10 -6
10 -7
10 11
10 12
10 13
11 3
11 6
11 -10
11 15
12 -3
13 -2
13 -7
13 14
14 -2
14 -7
14 8
14 9
14 13
15 1
15 5
15 -13
15 63
1 -1
1 -5
1 7
1 -9
1 15
2 -3
2 -4
2 -12
2 14
3 2
3 -4
3 -5
3 -6
3 -13
4 15
5 6
5 -7
6 4
6 8
6 9
6 10
6 -12
7 1
7 5
7 -12
7 14
8 -5
8 -7
8 -8
8 9
8 10
8 -13
8 -14
9 -3
9 -11
10 5
10 -6
10 7
10 10
10 11
10 -12
11 1
11 -2
11 5
11 8
11 -9
11 13
12 2
12 -8
12 -13
12 14
13 5
13 6
13 -14
14 8
14 -12
15 -3
15 7
15 -8
15 9
15 11
15 -13
15 14
15 64
1 2
1 3
1 5
1 -8
1 -9
1 14
1 -15
2 -1
2 5
3 -3
3 -6
3 -10
4 2
4 4
4 -9
4 12
5 -2
5 -3
5 -4
5 -7
5 -9
5 11
5 -12
6 -2
6 -3
6 -6
6 8
7 4
7 12
7 -14
7 -15
8 2
8 3
8 -9
9 2
9 -3
9 -10
9 -12
9 13
9 -15
10 -8
10 -9
10 11
11 1
11 -2
11 -4
11 -7
11 -10
11 -14
13 -1
13 -6
13 7
13 8
13 13
14 -1
14 6
14 -7
14 11
14 12
15 -2
15 6
15 -9
15 -13
15 -14
15 53
1 2
1 -3
1 -7
1 -8
1 9
2 -1
2 -2
2 -4
2 9
3 -2
3 -3
3 -6
3 -11
4 -1
4 -6
4 -7
4 13
5 -4
5 -8
5 -10
5 -12
5 -15
6 -3
6 9
6 -12
7 1
7 -15
8 -7
8 9
9 -7
10 -7
10 9
11 -2
11 -6
11 -8
11 -9
11 14
12 -1
12 -5
12 -11
12 -15
13 -1
13 6
13 7
14 -2
14 -8
14 -12
14 -13
14 14
15 -1
15 -10
15 -12
15 13
15 57
1 8
1 -12
2 -1
2 7
2 10
3 -2
3 -5
3 12
3 -14
4 1
4 -2
4 -4
4 -9
4 -10
4 13
4 -14
5 4
5 -5
5 -7
5 -9
5 -10
6 -3
6 8
6 10
6 -12
6 -13
6 -14
7 -6
7 -8
7 -9
7 -10
8 -3
8 -11
8 15
9 -1
9 -5
9 -6
9 -14
10 4
10 -8
11 -4
11 -10
11 15
12 3
12 -5
12 -6
12 14
12 -15
13 3
13 -4
13 -12
13 13
14 2
14 10
14 -15
15 -9
15 -14
15 58
1 -1
1 8
1 -11
2 -2
2 7
2 13
2 14
3 -5
3 -9
3 -15
4 -3
4 -6
4 -10
5 9
5 -14
6 -2
6 -5
6 -7
6 -8
6 -9
6 -10
7 -3
7 -4
7 -10
7 14
8 -6
8 11
8 -12
8 -15
9 -2
9 4
9 -7
9 -15
10 -1
10 -2
10 -6
10 -15
11 -3
11 -8
11 -12
11 -14
11 -15
12 -4
13 -4
13 -6
13 -7
13 -12
13 -13
14 -1
14 4
14 -6
14 -7
14 -10
14 -12
15 1
15 -2
15 -4
15 -7
15 57
1 -11
1 -12
1 -14
2 -1
2 3
2 -6
2 -9
2 12
2 -13
2 -14
3 -5
3 10
3 -12
3 -15
4 -1
4 -8
4 -12
4 -15
5 -4
6 3
6 6
6 -8
7 -2
7 -6
7 -9
7 -11
7 -13
7 -14
8 -4
8 -10
8 -11
9 -7
9 -8
9 -10
9 -12
10 -4
10 -5
10 -7
10 -8
10 -11
11 -1
11 -6
11 -9
11 -15
12 -2
12 -8
12 -10
12 -11
13 -1
13 -6
13 -7
13 -8
13 -12
14 -1
14 -11
15 -5
15 15
15 59
1 -1
1 -4
1 -5
1 -8
2 -5
2 -12
2 -14
3 -4
3 -7
3 -8
3 -10
3 13
3 -14
5 -1
5 -2
5 -5
6 -4
6 -5
6 -6
6 -8
6 -14
6 -15
7 -10
7 -13
8 -8
8 -11
8 -12
8 -13
8 -14
9 -2
9 -4
9 -5
9 -7
9 -12
9 -15
10 -1
10 -3
10 -4
11 -3
11 -4
11 -8
11 -9
11 -13
12 -2
12 -4
12 -9
13 -6
13 -8
13 -12
13 -13
14 -2
14 -5
14 -6
14 -11
14 -12
14 -14
15 -1
15 -10
15 -13
15 52
1 -3
1 -6
1 -8
1 -9
1 -14
2 -4
2 -14
2 -15
3 -1
3 -3
3 -9
3 -14
4 -1
4 -5
4 -6
5 -6
5 -7
5 -8
5 -10
5 -12
6 -1
6 -7
6 -9
6 -14
6 -15
7 -2
7 -3
7 -9
7 -10
8 -1
8 -7
8 -15
9 -2
9 -6
10 -5
10 -7
10 -11
11 -2
11 -12
12 -6
12 -8
12 -9
12 -14
13 -14
13 -15
14 -1
14 -14
14 -15
15 -4
15 -5
15 -7
15 -9
0 0 
