15 20
1 10
1 15
2 6
2 11
3 15
4 10
4 14
5 6
5 14
6 15
7 6
7 14
8 9
8 14
9 5
9 8
10 7
12 12
12 14
13 13
15 30
1 4
1 -12
1 14
2 3
4 -2
5 3
5 10
6 1
6 6
6 12
6 15
7 4
7 14
8 2
8 3
9 2
9 5
9 9
9 11
9 15
10 2
10 7
12 2
12 3
12 7
13 10
13 12
14 7
14 10
15 9
15 15
1 3
1 12
2 -13
3 -5
3 7
3 8
8 15
10 -1
10 11
12 1
13 5
13 10
14 -7
15 3
15 12
15 19
1 5
2 6
2 9
3 1
5 5
6 10
6 14
7 5
7 15
8 5
8 12
11 2
11 8
11 15
12 7
13 -1
13 10
14 1
15 6
15 19
2 1
2 -12
3 4
3 12
4 -1
4 3
4 9
5 2
5 5
5 11
7 6
7 9
8 -5
12 2
12 4
13 7
13 -15
14 5
15 -5
15 20
1 10
2 -12
3 -12
4 5
6 9
6 15
8 4
9 4
9 7
9 12
9 -13
10 3
10 -7
10 13
11 6
12 4
12 15
13 1
14 8
15 12
15 16
1 2
2 -4
3 7
3 -10
3 -13
4 15
5 2
6 5
9 10
9 14
10 7
11 13
12 9
13 15
14 1
14 -3
15 20
2 -2
2 -14
3 -2
3 4
3 -12
5 7
6 -2
6 -6
6 -13
7 5
7 13
8 2
9 -3
11 -2
11 -12
12 -4
12 12
14 4
14 8
14 -9
15 33
1 5
1 6
1 -8
1 10
2 1
2 -3
2 6
2 9
3 -9
3 -12
4 -5
4 -8
4 12
6 -6
6 9
7 -15
8 4
8 12
9 2
10 7
10 -14
11 9
11 14
12 -10
12 -12
12 15
13 -3
14 -7
14 -8
14 -13
15 5
15 7
15 13
15 22
2 10
3 3
3 10
4 5
5 2
6 -3
6 6
6 -9
6 -14
7 -2
7 -4
7 11
7 15
8 1
9 -15
10 10
11 4
11 11
12 2
15 4
15 5
15 6
15 26
1 -4
1 5
1 15
2 1
2 -6
3 8
4 1
4 5
4 6
4 10
4 12
5 -15
7 5
7 13
7 14
8 -1
8 -4
8 7
8 -14
9 -6
11 7
11 9
11 -13
13 13
14 -5
14 6
15 31
1 8
1 11
2 7
2 8
2 -9
2 -14
3 -1
4 2
4 3
5 5
6 -4
7 3
8 -3
8 -8
9 9
10 -8
10 -12
10 -14
11 -6
12 9
12 11
12 14
13 -1
13 9
13 -12
14 1
14 -6
15 -4
15 -8
15 -10
15 13
15 17
1 11
3 -2
3 7
3 11
4 -5
4 -6
5 -15
6 -8
6 -10
8 -1
8 -13
10 -12
11 -5
11 -10
14 -9
14 -15
15 -12
15 31
1 -15
2 -5
2 -15
3 -10
3 -13
4 7
4 -10
5 -13
6 -9
7 8
7 -13
8 -3
8 8
8 -11
8 15
9 -5
9 -8
10 -15
11 3
12 1
12 -6
12 -11
12 -12
13 3
13 -6
13 -7
14 3
14 -6
15 -1
15 4
15 5
15 17
1 1
1 -6
1 8
2 -14
3 -13
4 -3
6 7
6 8
7 15
8 9
9 -6
9 -11
10 9
11 -3
12 -5
12 -12
14 -5
15 24
2 11
4 7
4 -11
5 -13
6 -11
7 15
8 8
8 -9
8 11
8 -12
8 15
9 -3
9 7
11 -6
12 -3
12 -9
13 -5
13 -12
13 -13
14 -4
14 -12
14 -14
15 -8
15 13
15 24
1 -13
3 -2
3 -15
4 -1
4 -6
4 -14
5 -9
6 -7
6 -11
8 -7
9 -15
10 -14
11 -9
11 -11
11 -15
12 10
12 -13
13 -5
13 6
14 -3
14 -5
14 -9
15 -1
15 -14
15 17
1 -1
2 -2
4 -7
4 -15
5 13
6 -11
6 -12
6 -15
7 -15
8 -13
9 -4
10 -1
10 -11
11 8
12 11
13 13
15 -4
15 32
1 -7
2 -8
2 -9
3 -10
3 -12
3 -13
4 -1
4 -3
4 -4
4 -7
4 -10
6 -4
6 -7
6 -9
7 -1
8 -3
8 -8
8 -9
9 -2
9 -4
9 10
10 -7
10 -11
11 -13
12 -9
13 -1
13 13
14 -4
14 -11
14 -13
14 14
15 -4
15 25
1 -10
2 -15
3 -4
3 -5
3 -6
3 -8
4 -4
5 -2
5 -5
5 -6
6 -4
6 -10
6 -13
7 -3
7 -11
8 -15
9 -14
10 -2
11 -1
12 -5
12 -9
12 -15
14 -3
14 -12
15 -10
0 0 
