15 72
1 3
1 5
1 8
1 10
1 11
1 15
2 2
2 7
2 8
2 12
3 1
3 2
3 3
3 5
3 9
3 13
4 1
4 5
4 7
4 8
4 14
4 15
5 1
5 11
5 14
6 3
6 11
6 12
6 13
7 1
7 4
7 6
7 9
7 11
8 2
8 3
8 12
9 3
9 8
9 10
9 11
10 3
10 6
10 7
11 2
11 6
11 8
11 9
11 14
12 1
12 7
12 14
13 1
13 3
13 10
13 12
13 14
14 1
14 2
14 3
14 4
14 5
14 10
14 13
14 15
15 5
15 6
15 10
15 11
15 12
15 14
15 15
15 49
1 4
1 11
1 14
2 3
2 4
2 11
3 4
3 10
3 11
4 8
5 3
5 5
5 6
5 10
6 3
7 3
7 5
7 9
7 10
7 11
7 14
8 3
8 4
8 7
8 -12
8 13
9 1
9 5
10 3
10 5
10 13
11 2
11 9
11 10
12 3
12 5
12 6
12 8
12 12
13 1
13 10
14 2
14 8
14 11
14 13
15 4
15 6
15 8
15 14
15 64
1 2
1 9
1 10
1 11
2 5
2 9
2 11
3 2
3 -10
3 12
3 14
4 4
4 6
4 7
4 11
4 13
4 14
5 2
5 6
5 12
5 14
6 2
6 4
6 5
6 7
6 9
6 10
6 13
6 14
7 2
7 6
7 14
8 -5
8 6
8 7
8 8
8 12
8 13
9 8
9 -13
9 -14
10 -2
10 -12
10 14
11 3
11 5
11 7
11 10
12 -8
12 9
12 11
13 1
13 4
13 13
13 14
14 2
14 7
14 -8
15 1
15 3
15 6
15 11
15 12
15 13
15 55
1 1
1 4
1 5
1 8
1 -9
1 -15
2 -4
2 5
2 6
2 8
2 -9
2 -11
2 -15
3 3
3 7
4 -11
4 14
5 -1
5 4
5 -5
5 6
5 14
6 1
6 3
6 7
6 11
7 1
7 3
7 10
7 14
7 -15
8 1
8 7
8 11
8 13
9 4
9 9
10 -1
10 11
10 14
11 7
12 6
12 7
12 8
12 9
12 10
12 12
13 -4
13 9
13 13
14 5
14 9
14 13
15 1
15 15
15 69
1 3
1 -13
1 -14
2 3
2 4
2 5
2 9
2 10
2 11
3 -1
3 4
3 6
3 8
4 3
4 4
4 10
4 12
4 13
5 -3
5 5
5 -9
5 10
6 -2
6 -3
6 -6
6 -7
6 11
6 14
7 1
7 4
7 7
7 10
7 11
7 14
7 -15
8 1
8 2
8 -13
9 -1
9 2
9 5
9 12
9 13
9 15
10 -1
10 3
10 6
10 12
11 -7
12 9
12 -13
12 14
13 1
13 3
13 5
13 -8
13 10
13 -12
13 15
14 -1
14 -3
14 7
14 -10
14 11
14 14
15 -1
15 3
15 9
15 13
15 46
1 3
1 9
1 11
1 15
3 4
3 10
4 -4
4 6
5 11
5 -12
6 2
6 7
6 9
6 10
6 11
6 -15
7 -4
7 8
7 13
8 1
8 3
8 5
8 11
8 13
9 7
9 -9
9 10
9 -11
9 -12
9 14
10 -11
10 12
10 14
12 4
12 6
12 9
12 11
13 2
13 4
13 5
13 13
13 14
14 2
14 7
14 11
15 13
15 68
1 -2
1 4
1 -6
1 8
1 9
1 -12
1 -13
1 -14
1 15
2 3
2 7
2 -11
2 -14
3 7
4 13
4 -14
5 3
5 4
5 9
5 10
5 11
5 12
5 15
6 1
6 2
6 5
6 12
7 3
7 4
7 6
7 -9
7 12
8 1
8 3
8 4
8 -8
9 2
9 -4
9 7
9 -10
9 12
9 13
9 -15
10 -1
10 2
10 -3
10 -4
10 -6
10 -8
10 -9
10 13
10 15
11 -4
11 9
12 2
12 8
13 1
13 -7
13 14
13 15
14 2
14 3
14 6
14 -8
15 4
15 9
15 10
15 11
15 54
1 3
1 9
1 10
1 13
1 15
2 -1
2 -7
2 11
2 13
2 15
3 -12
3 14
4 -3
4 6
4 7
4 8
4 12
5 10
6 9
6 -12
6 -13
7 5
7 -11
7 -14
8 6
8 7
8 8
8 -13
9 2
9 3
9 9
9 10
9 -13
9 -14
10 8
11 7
11 8
12 -2
12 -5
12 9
12 14
13 2
13 6
13 10
13 -15
14 7
14 9
14 10
14 14
14 15
15 3
15 -6
15 12
15 15
15 53
1 -3
1 4
1 5
1 10
1 -11
1 -15
3 -4
3 8
3 9
3 10
3 11
3 -12
4 8
4 11
4 -13
5 2
5 15
6 3
6 9
6 10
6 -14
7 -2
7 -3
7 5
7 -14
8 1
8 9
8 -11
9 3
9 6
9 -8
10 -1
10 5
10 -8
10 -13
10 14
11 1
11 -15
12 1
12 -4
12 5
12 8
12 14
12 -15
13 9
13 10
13 11
14 7
14 9
15 -3
15 6
15 -10
15 -13
15 55
1 2
1 7
1 15
2 -6
2 -10
2 -14
2 15
3 -3
3 9
3 14
4 -2
4 -3
4 -7
4 11
4 15
5 -1
5 -4
5 11
6 -4
6 5
6 15
7 2
7 8
8 -5
8 -11
8 -14
9 9
9 12
9 -13
10 -2
10 3
10 4
10 8
10 -13
11 9
11 12
12 -2
12 -5
12 -7
12 -11
12 15
13 6
13 -10
13 -12
13 13
13 -14
13 15
14 2
14 3
14 6
14 10
15 -3
15 -4
15 9
15 -11
15 51
1 2
1 -4
1 -13
1 15
3 15
4 -6
4 7
4 -11
4 15
5 -4
5 9
5 15
6 2
6 6
6 8
6 -9
6 -12
6 13
7 -10
7 -15
9 -1
9 2
9 6
9 7
9 9
9 10
9 12
10 -1
10 -6
10 9
10 10
10 -12
11 1
11 -2
11 -8
11 13
11 -14
12 -1
12 -10
12 -11
12 13
13 -3
13 -5
13 -8
13 -12
14 1
14 -6
14 13
15 9
15 11
15 12
15 54
1 2
1 -4
1 9
2 1
2 -5
2 -7
2 -12
2 15
3 5
4 -1
4 7
4 -12
4 -14
5 -3
5 -6
5 -9
5 -12
6 3
6 4
6 -6
6 -7
6 11
6 -14
7 -6
7 -7
7 8
8 5
8 -11
8 -15
9 2
9 -8
9 -9
9 -10
10 -3
10 -5
10 -12
11 -8
11 10
11 13
12 -2
12 4
12 -6
12 -9
12 10
12 -12
12 14
13 -2
13 -3
13 -4
14 -13
15 -6
15 -8
15 -10
15 13
15 60
1 -6
1 -7
1 -10
1 -11
1 -12
1 -13
1 14
2 -1
2 -2
2 12
2 -13
3 -2
3 3
3 9
3 -13
4 -1
4 2
4 7
4 -8
5 -1
5 4
6 -2
6 -3
6 -8
6 9
6 -11
7 4
7 -6
7 -13
8 -4
8 -6
8 10
8 -14
9 -1
9 -7
10 -4
10 -6
10 -8
10 -9
10 -10
10 11
10 -12
10 13
11 -14
11 15
12 -1
12 -3
12 -6
12 10
12 15
13 2
13 -9
13 13
14 -2
14 -4
14 12
14 -14
15 -8
15 10
15 14
15 55
1 -3
1 -6
1 13
2 2
2 -5
2 7
2 -13
3 -5
3 -7
3 -8
3 13
3 -15
4 -10
5 -1
5 -2
5 -12
6 -5
6 -6
6 -11
6 -13
7 -5
7 -7
7 -12
8 -3
9 -1
9 -4
9 -8
9 11
9 -12
9 -13
9 15
10 2
10 -5
10 -9
10 11
10 -13
11 -4
11 8
11 9
12 9
13 3
13 -5
13 7
13 13
14 -2
14 6
14 -8
14 10
14 12
14 -15
15 -4
15 5
15 -6
15 8
15 -13
15 60
1 1
1 -5
2 3
2 -5
2 -6
2 -7
2 -8
2 -9
2 -15
3 5
3 11
3 -13
3 -14
4 2
4 5
4 9
4 -14
4 -15
5 -1
5 -2
5 -3
5 -4
5 -7
5 -8
5 -9
5 -11
5 -13
6 -15
7 -1
7 -2
7 -6
7 8
8 -4
8 -5
8 -9
8 13
9 -9
9 -11
9 -13
10 -3
10 -8
10 12
11 2
11 6
11 -8
11 -12
11 -14
12 -3
12 -5
12 6
12 13
13 -3
13 6
13 7
13 -10
14 -8
14 13
15 -1
15 -2
15 -6
15 53
1 6
1 -7
1 -9
1 -12
2 -4
2 -10
2 12
3 -2
3 -3
3 7
3 -8
3 -10
3 -12
3 13
4 1
4 -4
4 -5
4 6
4 -7
4 -8
5 -1
5 -8
5 -12
6 3
6 -4
6 -10
6 -11
7 -3
7 5
7 -6
7 -8
7 -10
7 -15
8 -1
8 -15
9 -8
9 -10
9 -13
9 -15
10 4
10 6
10 -12
11 1
11 7
11 -11
12 -7
12 9
12 -15
13 -3
13 -11
14 10
14 -12
15 -13
15 57
1 -12
2 -1
2 -7
2 -10
2 -13
2 14
3 4
3 -10
3 -14
3 -15
4 -2
4 -5
4 -7
4 -9
5 2
5 -3
5 5
5 -7
5 -12
6 -1
6 -11
7 4
7 -11
7 -12
8 -6
8 -14
9 -6
9 -7
9 -9
9 -10
9 11
10 2
10 -5
10 11
10 -15
11 -5
11 8
11 -10
11 11
11 -13
11 14
12 -11
12 -15
13 -8
13 -9
13 -10
13 -11
13 -12
14 -1
14 -2
14 -5
14 -6
15 -2
15 -4
15 -7
15 -8
15 -9
15 46
1 -5
1 -8
1 -10
1 -11
1 -14
1 -15
2 -3
2 -4
2 -7
2 -13
3 -2
3 -7
3 -8
3 -10
4 7
4 -10
4 -11
4 14
5 -1
5 -15
6 -2
6 -6
6 -7
6 11
7 -7
8 -8
8 -14
9 -3
9 -6
9 -11
9 -12
9 -15
10 -5
10 -13
11 -2
11 -3
11 -9
11 -14
12 -10
12 -15
13 -8
14 1
14 -10
14 -14
15 -8
15 -10
15 53
1 -2
1 -5
1 -9
1 -10
1 -12
1 -14
2 -2
2 -3
2 -5
2 -11
2 12
2 -14
3 -4
3 -8
3 -9
3 -10
3 -11
4 -2
4 -5
4 -9
6 -5
6 -10
6 -11
7 -8
7 -12
8 -3
8 -5
8 -6
8 -7
8 -9
9 -1
9 7
9 -9
9 -11
9 -15
10 -5
10 -6
10 -11
11 -6
11 -12
11 -14
12 -2
12 -10
13 -7
13 -14
14 -1
14 -3
14 -7
14 -13
15 -3
15 -10
15 -12
15 14
15 58
1 -1
1 -2
1 -4
1 -6
1 -10
1 -11
1 -13
2 -1
2 -7
2 -13
2 -15
3 -5
3 -7
3 -8
4 -1
4 -6
4 -8
4 -9
4 -14
4 -15
5 -3
5 -5
5 -7
5 -15
7 -1
7 -2
7 -5
7 -7
7 -10
7 -13
7 -15
8 -4
8 -14
8 -15
9 -6
9 -7
9 -11
9 -13
10 -1
10 -4
10 -11
10 -13
11 -5
11 -6
11 -8
11 -13
12 -10
12 -13
13 -5
13 -8
13 -9
13 -14
14 -7
14 -9
14 -13
14 -14
15 -1
15 -11
0 0 
