6.91413879395e-06
3.09944152832e-06
1.90734863281e-06
1.90734863281e-06
2.14576721191e-06
2.14576721191e-06
9.53674316406e-07
1.90734863281e-06
1.19209289551e-06
9.53674316406e-07
5.00679016113e-06
2.86102294922e-06
2.86102294922e-06
2.86102294922e-06
2.86102294922e-06
2.86102294922e-06
2.86102294922e-06
2.86102294922e-06
2.86102294922e-06
3.09944152832e-06
5.00679016113e-06
5.00679016113e-06
4.76837158203e-06
4.05311584473e-06
4.05311584473e-06
4.76837158203e-06
5.00679016113e-06
5.00679016113e-06
5.00679016113e-06
5.00679016113e-06
6.91413879395e-06
7.86781311035e-06
7.86781311035e-06
6.91413879395e-06
6.91413879395e-06
0.00511312484741
8.82148742676e-06
7.15255737305e-06
7.15255737305e-06
7.15255737305e-06
1.09672546387e-05
1.19209289551e-05
1.21593475342e-05
1.19209289551e-05
1.19209289551e-05
1.21593475342e-05
1.09672546387e-05
1.19209289551e-05
1.21593475342e-05
1.19209289551e-05
1.8835067749e-05
1.78813934326e-05
1.78813934326e-05
1.8835067749e-05
1.69277191162e-05
1.69277191162e-05
1.81198120117e-05
1.81198120117e-05
1.78813934326e-05
1.78813934326e-05
2.8133392334e-05
3.00407409668e-05
2.78949737549e-05
2.69412994385e-05
2.90870666504e-05
2.71797180176e-05
2.69412994385e-05
2.90870666504e-05
2.78949737549e-05
2.69412994385e-05
4.72068786621e-05
4.50611114502e-05
4.72068786621e-05
4.50611114502e-05
4.60147857666e-05
4.48226928711e-05
4.6968460083e-05
4.50611114502e-05
4.6968460083e-05
4.50611114502e-05
7.60555267334e-05
7.5101852417e-05
7.20024108887e-05
7.60555267334e-05
7.39097595215e-05
7.39097595215e-05
7.48634338379e-05
7.20024108887e-05
7.29560852051e-05
7.89165496826e-05
0.000119924545288
0.000117778778076
0.000118970870972
0.000118970870972
0.000118017196655
0.000119924545288
0.000118017196655
0.000116109848022
0.0001220703125
0.000118970870972
0.000191926956177
0.000190019607544
0.00019097328186
0.00019383430481
0.000197887420654
0.000191211700439
0.00019097328186
0.00019097328186
0.00019097328186
0.000189781188965
0.000306129455566
0.000308990478516
0.000311136245728
0.000340938568115
0.000311136245728
0.000304937362671
0.000308990478516
0.000311136245728
0.000308036804199
0.000308036804199
0.0280020236969
0.000512838363647
0.000504016876221
0.00079607963562
0.000505924224854
0.000500917434692
0.00051212310791
0.000499963760376
0.000501871109009
0.000500202178955
0.000806093215942
0.000799894332886
0.000805139541626
0.000794887542725
0.000825166702271
0.000808954238892
0.000816822052002
0.000814914703369
0.000806093215942
0.000894069671631
0.00131416320801
0.001296043396
0.00128602981567
0.00180792808533
0.00154185295105
0.00134801864624
0.00131797790527
0.00946402549744
0.00128102302551
0.00156903266907
0.00208401679993
0.00207805633545
0.0020809173584
0.00253796577454
0.0021698474884
0.00209617614746
0.00207710266113
0.00725388526917
0.00210118293762
0.00210213661194
0.0034019947052
0.0118579864502
0.0034818649292
0.0037670135498
0.00362491607666
0.0116610527039
0.00340008735657
0.00359892845154
0.00514602661133
0.00336599349976
0.0160040855408
0.00581192970276
0.0128860473633
0.00587797164917
0.00595903396606
0.00578117370605
0.00595998764038
0.00563788414001
0.00611615180969
0.00684785842896
0.0115120410919
0.0128059387207
0.00950193405151
0.0113549232483
0.010861158371
0.00944399833679
0.00936603546143
0.00921511650085
0.00911092758179
0.00895714759827
0.0170848369598
0.0163719654083
0.0164570808411
0.0161209106445
0.015193939209
0.0176360607147
0.015918970108
0.0157380104065
0.0146789550781
0.0169579982758
